time(s)	cellId	rnti	lcid	packetSize	delay(s)
1.02324	1	1	3	58	0.00821397
1.06624	1	1	3	54	0.0152116
1.06824	1	1	3	54	0.0152116
1.06824	1	1	3	54	0.00821163
1.07024	1	1	3	54	0.00821163
1.09624	1	1	3	62	0.00321162
1.11324	1	2	3	58	0.00321397
1.13624	1	2	3	54	0.00621163
1.13624	1	2	3	54	0.00521044
1.13624	1	2	3	54	0.00421044
1.13624	1	2	3	54	0.00321044
1.15931	1	2	3	62	0.00628305
1.15931	1	2	3	62	0.00528305
1.15931	1	2	3	62	0.00528185
1.15931	1	2	3	62	0.00428305
1.15931	1	2	3	62	0.00428185
1.15931	1	2	3	62	0.00328305
1.15931	1	2	3	62	0.00328185
1.18231	1	2	3	70	0.00628303
1.18231	1	2	3	70	0.00528303
1.18231	1	2	3	70	0.00528184
1.18231	1	2	3	70	0.00428303
1.18231	1	2	3	62	0.00428185
1.18231	1	2	3	62	0.00328305
1.18231	1	2	3	62	0.00328185
1.20546	1	1	3	70	0.00942589
1.20546	1	1	3	70	0.00942469
1.20546	1	1	3	70	0.0094235
1.20546	1	1	3	70	0.0094223
1.20546	1	1	3	78	0.0094211
1.2056	1	2	3	70	0.00656874
1.2056	1	2	3	70	0.00564017
1.2056	1	2	3	70	0.00563898
1.2056	1	2	3	70	0.00456874
1.2056	1	2	3	70	0.00456755
1.2056	1	2	3	70	0.00356874
1.2056	1	2	3	70	0.00356755
1.21324	1	3	3	58	0.00321397
1.23724	1	3	3	54	0.00721163
1.23724	1	3	3	54	0.00621044
1.23724	1	3	3	54	0.004639
1.23731	1	2	3	78	0.015283
1.23731	1	2	3	78	0.014283
1.23731	1	2	3	78	0.0142818
1.23924	1	3	3	54	0.00421163
1.23931	1	2	3	78	0.0153544
1.23931	1	2	3	70	0.0153533
1.23931	1	2	3	70	0.014283
1.23931	1	2	3	70	0.0142818
1.24224	1	1	3	78	0.0102116
1.24424	1	1	3	78	0.0102116
1.25024	1	1	3	78	0.0102116
1.25524	1	1	3	70	0.0122116
1.25824	1	3	3	62	0.00428305
1.25824	1	3	3	62	0.00428185
1.25824	1	3	3	62	0.00428066
1.25824	1	3	3	62	0.00321162
1.25824	1	3	3	62	0.00321042
1.25824	1	3	3	62	0.00320923
1.25824	1	3	3	62	0.00320803
1.27124	1	1	3	70	0.0092116
1.28031	1	1	3	62	0.016283
1.28031	1	1	3	62	0.00928305
1.28031	1	1	3	62	0.00828305
1.28039	1	3	3	70	0.00435446
1.28039	1	3	3	70	0.00435327
1.28039	1	3	3	70	0.00335446
1.28039	1	3	3	70	0.00335327
1.28039	1	3	3	62	0.00335208
1.28124	1	3	3	62	0.00321162
1.28124	1	3	3	62	0.00321042
1.30224	1	3	3	70	0.0052116
1.30224	1	3	3	70	0.00521041
1.30224	1	3	3	70	0.00520921
1.30224	1	3	3	70	0.0042116
1.30224	1	3	3	70	0.00421041
1.30324	1	3	3	70	0.0032116
1.30324	1	3	3	70	0.00321041
1.31624	1	1	3	62	0.0232116
1.31631	1	4	3	58	0.0062854
1.32546	1	1	3	62	0.0214259
1.32546	1	1	3	62	0.0204259
1.32546	1	1	3	62	0.0194259
1.32546	1	1	3	62	0.0184259
1.32546	1	1	3	62	0.0124259
1.32546	1	1	3	62	0.0114259
1.32553	1	3	3	78	0.0054973
1.32553	1	3	3	78	0.00549611
1.32553	1	3	3	78	0.00549491
1.32924	1	3	3	78	0.00321159
1.32924	1	3	3	70	0.00321041
1.32924	1	3	3	70	0.00320921
1.32924	1	3	3	70	0.00320802
1.34831	1	4	3	54	0.0143545
1.34831	1	4	3	54	0.0112831
1.34831	1	4	3	54	0.00828306
1.34831	1	4	3	54	0.00471163
1.35931	1	1	3	70	0.024283
1.35931	1	1	3	70	0.015283
1.37946	1	1	3	70	0.0284259
1.37946	1	1	3	70	0.0264259
1.37946	1	1	3	70	0.0264247
1.37946	1	1	3	70	0.0244259
1.37946	1	1	3	70	0.0224259
1.38024	1	1	3	70	0.0212116
1.38046	1	4	3	62	0.0124259
1.38046	1	4	3	62	0.0104259
1.38046	1	4	3	62	0.0094259
1.38046	1	4	3	62	0.0074259
1.38046	1	4	3	62	0.00549733
1.38046	1	4	3	62	0.00485447
1.38046	1	4	3	62	0.00285447
1.38624	1	1	3	70	0.0092116
1.41324	3	1	3	58	0.00321397
1.41524	1	1	3	70	0.0302116
1.41546	1	4	3	70	0.0144259
1.41546	1	4	3	70	0.0124259
1.41546	1	4	3	70	0.0104259
1.41546	1	4	3	70	0.00842589
1.41546	1	4	3	62	0.0064259
1.41546	1	4	3	62	0.0044259
1.41624	1	4	3	62	0.00321162
1.43324	3	1	3	54	0.00321163
1.43324	3	1	3	54	0.00320924
1.43324	3	1	3	54	0.00320685
1.43424	3	1	3	54	0.00321044
1.43724	1	4	3	70	0.0052116
1.44439	1	4	3	70	0.00842589
1.44439	1	4	3	70	0.00735446
1.44439	1	4	3	70	0.00635446
1.44439	1	4	3	70	0.00535446
1.44439	1	4	3	70	0.00335446
1.44524	1	4	3	70	0.00235446
1.44724	1	4	3	78	0.00321159
1.45524	3	1	3	62	0.00321162
1.45524	3	1	3	62	0.00321042
1.45524	3	1	3	62	0.00320923
1.45524	3	1	3	62	0.00320803
1.45524	3	1	3	62	0.00320684
1.45524	3	1	3	62	0.00320564
1.45524	3	1	3	62	0.00320445
1.47039	1	4	3	78	0.00935445
1.47039	1	4	3	78	0.00735445
1.47039	1	4	3	78	0.00635445
1.47039	1	4	3	70	0.00535446
1.47039	1	4	3	70	0.00435446
1.47039	1	4	3	70	0.00335446
1.47124	1	4	3	62	0.00321162
1.48024	3	1	3	70	0.0032116
1.48024	3	1	3	70	0.00321041
1.48024	3	1	3	70	0.00320921
1.48024	3	1	3	70	0.00320802
1.48024	3	1	3	62	0.00320684
1.48124	3	1	3	62	0.00321162
1.48124	3	1	3	62	0.00321042
1.50453	1	1	3	70	0.00849732
1.50453	1	1	3	70	0.00849612
1.50453	1	1	3	70	0.00849493
1.50453	1	1	3	70	0.00849373
1.50453	1	1	3	70	0.00849254
1.50453	1	1	3	70	0.00849134
1.50453	1	1	3	70	0.00849015
1.50624	3	1	3	70	0.0082116
1.50624	3	1	3	70	0.00821041
1.50624	3	1	3	70	0.00820921
1.50624	3	1	3	70	0.00820802
1.50624	3	1	3	70	0.00820682
1.50624	3	1	3	70	0.0072116
1.50624	3	1	3	70	0.00721041
1.51324	3	2	3	58	0.00321397
1.52624	3	1	3	78	0.00321159
1.52624	3	1	3	78	0.0032104
1.52624	3	1	3	78	0.0032092
1.52624	3	1	3	78	0.00320801
1.52624	3	1	3	70	0.00320682
1.52624	3	1	3	70	0.00228303
1.52624	3	1	3	70	0.00228184
1.52724	3	2	3	54	0.00321156
1.53324	3	2	3	54	0.00321163
1.53324	3	2	3	54	0.00320924
1.53324	3	2	3	54	0.00320685
1.54124	3	2	3	62	0.00321162
1.54124	3	2	3	62	0.00321042
1.54724	3	2	3	62	0.00321162
1.54724	3	2	3	62	0.00321042
1.55324	3	2	3	62	0.00321162
1.55324	3	2	3	62	0.00321042
1.55324	3	2	3	62	0.00320923
1.55324	3	2	3	62	0.00320803
1.55324	3	2	3	62	0.00320684
1.55324	3	2	3	70	0.00320563
1.55624	1	1	3	70	0.0152116
1.55924	3	2	3	70	0.0032116
1.55924	3	2	3	70	0.00321041
1.55924	3	2	3	70	0.00320921
1.56324	1	1	3	70	0.0202116
1.56324	1	1	3	70	0.0182116
1.56524	3	2	3	62	0.00321162
1.56524	3	2	3	62	0.00321042
1.57124	3	2	3	62	0.00321162
1.57124	3	2	3	62	0.00321042
1.57124	3	2	3	62	0.00320923
1.57124	3	2	3	62	0.00320803
1.57124	3	2	3	62	0.00320684
1.57124	3	2	3	70	0.00320563
1.57724	3	2	3	70	0.0032116
1.57724	3	2	3	78	0.0032104
1.58524	3	2	3	78	0.00321159
1.58524	3	2	3	78	0.0032104
1.59124	3	2	3	78	0.00321159
1.59124	3	2	3	78	0.0032104
1.59124	3	2	3	70	0.00320921
1.59724	3	2	3	70	0.0032116
1.59724	3	2	3	70	0.00321041
1.59724	3	2	3	70	0.00320921
1.59724	3	2	3	62	0.00320803
1.59724	3	2	3	70	0.00320682
1.59724	3	2	3	70	0.00320563
1.60524	3	2	3	70	0.0032116
1.60524	3	2	3	70	0.00321041
1.61124	3	2	3	70	0.0032116
1.61124	3	2	3	70	0.00321041
1.61124	3	2	3	70	0.00320921
1.61724	3	2	3	70	0.0032116
1.61724	3	2	3	62	0.00321042
1.61724	3	2	3	54	0.00320924
1.62324	3	2	3	54	0.00321044
1.62924	3	2	3	54	0.00321163
1.63524	3	2	3	54	0.00321163
1.63524	3	2	3	54	0.00320924
1.64124	3	2	3	54	0.00321044
1.64724	3	2	3	54	0.00321163
1.64724	3	2	3	54	0.00320924
1.65324	3	2	3	54	0.00321044
1.65746	1	1	3	78	0.00842588
1.65746	1	1	3	78	0.00842468
1.65746	1	1	3	78	0.00842349
1.65746	1	1	3	78	0.00842229
1.65746	1	1	3	78	0.0084211
1.65924	3	2	3	54	0.00321044
1.66524	3	2	3	54	0.00321163
1.66524	3	2	3	54	0.00320924
1.67124	3	2	3	54	0.00321044
1.67724	3	2	3	54	0.00321163
1.68324	3	2	3	54	0.00321163
1.68324	3	2	3	54	0.00320924
1.68824	3	2	3	54	0.00228187
1.69424	3	2	3	54	0.00321163
1.69424	3	2	3	54	0.00320924
1.70024	3	2	3	54	0.00320924
1.70024	3	2	3	54	0.00320685
1.70224	1	1	3	78	0.00821159
1.70424	1	1	3	78	0.00821044
1.70524	1	1	3	78	0.00821159
1.70624	1	1	3	70	0.0082116
1.70824	3	2	3	54	0.00321163
1.71424	3	2	3	54	0.00321163
1.71424	3	2	3	54	0.00320924
1.72024	1	1	3	70	0.0112116
1.72024	3	2	3	54	0.00321044
1.72024	3	2	3	54	0.00320805
1.72024	3	2	3	54	0.00320566
1.72824	3	2	3	54	0.00320924
1.73324	3	2	3	54	0.00228187
1.73924	3	2	3	54	0.00321163
1.73924	3	2	3	54	0.00320924
1.73924	3	2	3	62	0.00320684
1.73924	3	2	3	62	0.00320564
1.74324	1	1	3	70	0.0182116
1.74724	3	2	3	62	0.00321162
1.74724	3	2	3	62	0.00321042
1.75324	3	2	3	62	0.00321162
1.75324	3	2	3	62	0.00321042
1.75924	3	2	3	62	0.00321162
1.75924	3	2	3	62	0.00321042
1.75924	3	2	3	62	0.00320923
1.75924	3	2	3	62	0.00320803
1.75924	3	2	3	62	0.00320684
1.75924	3	2	3	54	0.00320566
1.76524	3	2	3	62	0.00321162
1.76524	3	2	3	70	0.00321041
1.76524	3	2	3	70	0.00320921
1.77124	3	2	3	70	0.0032116
1.77124	3	2	3	70	0.00321041
1.77724	3	2	3	70	0.0032116
1.77724	3	2	3	70	0.00321041
1.77724	3	2	3	70	0.00320921
1.77724	3	2	3	70	0.00320802
1.77724	3	2	3	70	0.00320682
1.77724	3	2	3	70	0.00320563
1.78324	3	2	3	62	0.00321162
1.79024	3	2	3	54	0.00228306
1.79624	3	2	3	54	0.00321163
1.79624	3	2	3	54	0.00320924
1.79624	3	2	3	54	0.00320685
1.80424	3	2	3	54	0.00321163
1.80924	3	2	3	54	0.00228187
1.81524	3	2	3	54	0.00321044
1.81524	3	2	3	54	0.00320805
1.81524	3	2	3	54	0.00320566
1.82324	3	2	3	54	0.00321044
1.82924	3	2	3	54	0.00321044
1.83039	1	1	3	78	0.00835445
1.83039	1	1	3	78	0.00835325
1.83039	1	1	3	78	0.00835206
1.83039	1	1	3	78	0.00835086
1.83524	3	2	3	54	0.00321044
1.83524	3	2	3	54	0.00320805
1.83524	3	2	3	54	0.00320566
1.84324	3	2	3	54	0.00321044
1.84824	3	2	3	54	0.00228187
1.85424	3	2	3	54	0.00321044
1.85424	3	2	3	54	0.00320805
1.85424	3	2	3	54	0.00320566
1.86024	3	2	3	54	0.00320928
1.86824	3	2	3	54	0.00321163
1.87424	3	2	3	54	0.00321163
1.87424	3	2	3	54	0.00320924
1.87424	3	2	3	54	0.00320685
1.87624	1	1	3	78	0.00928302
1.88124	3	2	3	54	0.00228306
1.88331	1	1	3	78	0.015283
1.88331	1	1	3	70	0.0143545
1.88331	1	1	3	70	0.0143533
1.88724	3	2	3	54	0.00228306
1.89324	3	2	3	54	0.00321163
1.89324	3	2	3	54	0.00320924
1.89324	3	2	3	54	0.00320685
1.89824	3	2	3	54	0.00235449
1.89824	3	2	3	54	0.0023521
1.90724	3	2	3	54	0.00321044
1.91324	3	2	3	54	0.00321044
1.91324	3	2	3	54	0.00320805
1.92124	3	2	3	62	0.00321162
1.92124	3	2	3	62	0.00321042
1.92424	1	1	3	70	0.0082116
1.92724	3	2	3	62	0.00321042
1.92724	3	2	3	62	0.00320923
1.92724	3	2	3	62	0.00320803
1.93124	1	1	3	70	0.0102116
1.93324	3	2	3	62	0.00321162
1.93324	3	2	3	62	0.00321042
1.93324	3	2	3	62	0.00320923
1.93924	3	2	3	62	0.00321162
1.93924	3	2	3	62	0.00321042
1.93924	3	2	3	62	0.00320923
1.94024	1	1	3	70	0.0162116
1.94524	3	2	3	62	0.00321162
1.94524	3	2	3	54	0.00321044
1.94824	1	1	3	70	0.0183545
1.95124	3	2	3	54	0.00320924
1.95724	3	2	3	54	0.00321163
1.95724	3	2	3	54	0.00320924
1.96024	1	1	3	70	0.0122116
1.96324	3	2	3	54	0.00321044
1.96924	3	2	3	54	0.00321163
1.97524	3	2	3	54	0.00321163
1.97524	3	2	3	54	0.00320924
1.98124	3	2	3	54	0.00321044
1.98724	3	2	3	54	0.00321163
1.98724	3	2	3	54	0.00320924
1.99324	3	2	3	54	0.00321044
1.99924	3	2	3	54	0.00320928
2.00524	3	2	3	54	0.00321163
2.00524	3	2	3	54	0.00320924
2.00524	3	2	3	54	0.00320685
2.01224	3	2	3	54	0.00242592
2.01324	3	4	3	58	0.00321397
2.01924	3	2	3	54	0.00321163
2.02524	3	2	3	54	0.00321163
2.02524	3	2	3	54	0.00320924
2.02524	3	2	3	54	0.00320685
2.03224	3	2	3	54	0.00299734
2.03324	3	4	3	54	0.00321163
2.03324	3	4	3	54	0.00320924
2.03324	3	4	3	54	0.00320685
2.03424	3	4	3	54	0.00321044
2.03824	3	2	3	54	0.00256877
2.04424	3	2	3	54	0.00321163
2.04424	3	2	3	54	0.00320924
2.04424	3	2	3	54	0.00320685
2.04924	3	2	3	54	0.00228306
2.04924	3	2	3	54	0.00228067
2.05824	3	4	3	62	0.00321162
2.05824	3	4	3	62	0.00321042
2.05824	3	4	3	62	0.00320923
2.05824	3	4	3	62	0.00320803
2.05824	3	4	3	62	0.00320684
2.05831	3	2	3	54	0.00271043
2.05924	3	4	3	62	0.00321162
2.05924	3	4	3	62	0.00321042
2.06324	3	2	3	54	0.00228187
2.06324	3	2	3	54	0.00227947
2.06639	1	1	3	78	0.00835445
2.06639	1	1	3	78	0.00835325
2.06639	1	1	3	78	0.00835206
2.07124	3	2	3	62	0.00228305
2.07124	3	2	3	62	0.00228185
2.07724	3	2	3	62	0.00321162
2.07724	3	2	3	62	0.00321042
2.07724	3	2	3	62	0.00320923
2.07724	3	2	3	62	0.00320803
2.07824	3	4	3	70	0.0032116
2.07824	3	4	3	70	0.00321041
2.07824	3	4	3	70	0.00320921
2.07824	3	4	3	70	0.00320802
2.07924	3	4	3	62	0.00321162
2.07924	3	4	3	62	0.00321042
2.07924	3	4	3	62	0.00320923
2.08524	3	2	3	62	0.00321162
2.08524	3	2	3	62	0.00321042
2.09124	3	2	3	62	0.00321162
2.09124	3	2	3	62	0.00321042
2.09124	3	2	3	62	0.00320923
2.09724	3	2	3	62	0.00321162
2.09724	3	2	3	54	0.00321044
2.09824	3	4	3	70	0.0032116
2.09824	3	4	3	70	0.00321041
2.09824	3	4	3	70	0.00320921
2.09824	3	4	3	70	0.00320802
2.10324	3	2	3	54	0.00321163
2.10324	3	2	3	54	0.00320924
2.10424	3	4	3	70	0.00321045
2.10424	3	4	3	70	0.00320925
2.10424	3	4	3	70	0.00320806
2.10831	1	1	3	78	0.00735445
2.10831	1	1	3	78	0.00735325
2.10924	3	2	3	54	0.00321044
2.11124	1	1	3	70	0.0082116
2.11524	3	2	3	54	0.00321044
2.11724	3	4	3	78	0.00421159
2.11724	3	4	3	78	0.0042104
2.11724	3	4	3	78	0.0042092
2.11724	3	4	3	78	0.00321159
2.11724	3	4	3	70	0.00321041
2.11724	3	4	3	70	0.00320921
2.11824	3	4	3	70	0.0032116
2.12124	3	2	3	54	0.00321163
2.12124	3	2	3	54	0.00320924
2.12724	3	2	3	54	0.00321044
2.13324	3	2	3	54	0.00321163
2.13924	3	2	3	54	0.00321163
2.13924	3	2	3	54	0.00320924
2.14524	3	2	3	54	0.00321044
2.15124	1	1	3	70	0.0102116
2.15124	3	2	3	54	0.00321163
2.15124	3	2	3	54	0.00320924
2.15724	3	2	3	54	0.00321044
2.15924	1	1	3	70	0.0082116
2.16324	3	2	3	54	0.00321044
2.16824	3	2	3	54	0.00228306
2.16824	3	2	3	54	0.00228067
2.16824	3	2	3	54	0.00227828
2.17224	1	1	3	70	0.0142116
2.17724	3	2	3	54	0.00321163
2.17824	1	1	3	70	0.00921045
2.18224	1	1	3	70	0.0102116
2.18324	3	2	3	54	0.00321163
2.18324	3	2	3	54	0.00320924
2.18324	3	2	3	54	0.00320685
2.19124	3	2	3	62	0.00321162
2.19124	3	2	3	62	0.00321042
2.19724	3	2	3	62	0.00321162
2.19724	3	2	3	62	0.00321042
2.19724	3	2	3	62	0.00320923
2.20324	3	2	3	62	0.00321042
2.20324	3	2	3	62	0.00320923
2.20324	3	2	3	62	0.00320803
2.20324	3	2	3	62	0.00320684
2.20324	3	2	3	62	0.00320564
2.20324	3	2	3	62	0.00320445
2.20424	1	2	3	62	0.00278304
2.20524	1	1	3	70	0.0152116
2.20724	1	1	3	70	0.00828303
2.20824	1	1	3	70	0.0082116
2.21124	3	2	3	54	0.00321163
2.21724	3	2	3	54	0.00321163
2.21724	3	2	3	54	0.00320924
2.22324	3	2	3	54	0.00321044
2.22324	3	2	3	54	0.00320805
2.23124	3	2	3	62	0.00321162
2.23124	3	2	3	62	0.00321042
2.23524	1	2	3	54	0.0102831
2.23524	1	2	3	62	0.0102819
2.23724	3	2	3	62	0.00321162
2.23724	3	2	3	62	0.00321042
2.24224	1	1	3	70	0.0092116
2.24324	3	2	3	62	0.00321162
2.24324	3	2	3	62	0.00321042
2.24324	3	2	3	62	0.00320923
2.24424	1	1	3	70	0.00921045
2.24524	1	1	3	70	0.0092116
2.24824	3	2	3	62	0.00228305
2.24824	3	2	3	62	0.00228185
2.25724	3	2	3	54	0.00321163
2.26024	1	2	3	62	0.00235447
2.26324	3	2	3	54	0.00321048
2.26324	3	2	3	54	0.00320809
2.26524	1	2	3	54	0.0062819
2.27124	3	2	3	54	0.00321044
2.27724	3	2	3	54	0.00321044
2.27924	1	1	3	70	0.00921045
2.28324	1	1	3	70	0.0122116
2.28324	3	2	3	54	0.00321044
2.28331	1	2	3	54	0.00435449
2.28424	1	2	3	54	0.00321163
2.28924	3	2	3	54	0.00321163
2.28924	3	2	3	54	0.00320924
2.29724	3	2	3	54	0.00321044
2.30324	3	2	3	54	0.00321044
2.30824	1	3	3	62	0.012283
2.30831	1	2	3	54	0.0072819
2.30831	1	2	3	54	0.00571163
2.30831	1	2	3	54	0.00371163
2.30924	3	2	3	54	0.00321044
2.31524	3	2	3	54	0.00321163
2.31524	3	2	3	54	0.00320924
2.32124	3	2	3	54	0.00321044
2.32824	3	2	3	54	0.00235449
2.33324	3	2	3	54	0.00228306
2.33324	3	2	3	54	0.00228067
2.33624	1	3	3	54	0.0119973
2.33624	1	3	3	62	0.00964019
2.33631	1	2	3	54	0.0086402
2.33631	1	2	3	54	0.00571163
2.33631	1	2	3	54	0.0036402
2.33724	1	2	3	54	0.0026402
2.33924	3	2	3	54	0.00321044
2.34124	1	1	3	62	0.0272116
2.34224	1	1	3	54	0.0212116
2.34524	3	2	3	54	0.00321163
2.34524	3	2	3	54	0.00320924
2.35124	3	2	3	54	0.00321044
2.35724	3	2	3	54	0.00321044
2.36324	3	2	3	54	0.00321163
2.36324	3	2	3	54	0.00320924
2.36924	3	2	3	54	0.00321044
2.37124	1	3	3	62	0.019283
2.37124	1	3	3	54	0.0192819
2.37224	1	2	3	54	0.0155688
2.37224	1	2	3	54	0.0132831
2.37224	1	2	3	54	0.0102831
2.37524	3	2	3	54	0.00321044
2.38124	3	2	3	54	0.00321044
2.38124	3	2	3	54	0.00320805
2.38124	3	2	3	54	0.00320566
2.38324	1	1	3	54	0.0112116
2.38924	3	2	3	54	0.00321163
2.39524	3	2	3	54	0.00321163
2.40124	3	2	3	54	0.00321163
2.40124	3	2	3	54	0.00320924
2.40124	3	2	3	54	0.00320685
2.40139	1	2	3	62	0.0100688
2.40139	1	2	3	62	0.0054259
2.40139	1	2	3	62	0.00449733
2.40139	1	2	3	62	0.00449613
2.40139	1	2	3	62	0.00378304
2.40139	1	2	3	62	0.00278304
2.40724	3	2	3	54	0.00321163
2.40724	3	2	3	54	0.00320924
2.41524	3	2	3	54	0.00321044
2.42124	3	2	3	54	0.00321044
2.42124	3	2	3	54	0.00320805
2.42124	3	2	3	54	0.00320566
2.42724	3	2	3	62	0.00320923
2.42724	3	2	3	62	0.00320803
2.42824	1	3	3	54	0.0417116
2.42824	1	3	3	54	0.0375688
2.42839	1	2	3	62	0.0114259
2.42839	1	2	3	62	0.00985447
2.42839	1	2	3	62	0.0074259
2.42839	1	2	3	54	0.00685448
2.42839	1	2	3	54	0.00399734
2.43324	1	1	3	54	0.0202116
2.43524	3	2	3	62	0.00321162
2.43524	3	2	3	62	0.00321042
2.43624	1	1	3	54	0.0202116
2.44024	1	4	3	54	0.00271163
2.44124	3	2	3	62	0.00321162
2.44124	3	2	3	62	0.00321042
2.44124	3	2	3	62	0.00320923
2.44124	3	2	3	62	0.00320803
2.44124	3	2	3	62	0.00320684
2.44124	3	2	3	62	0.00320564
2.44724	3	2	3	62	0.00321162
2.44724	3	2	3	54	0.00321044
2.44724	3	2	3	62	0.00320923
2.45124	1	3	3	54	0.00742592
2.45124	1	3	3	54	0.00649615
2.45124	1	3	3	54	0.00371163
2.45131	1	2	3	62	0.00685447
2.45131	1	2	3	62	0.00285447
2.45324	3	2	3	62	0.00321162
2.45324	3	2	3	62	0.00321042
2.45924	3	2	3	62	0.00321162
2.45924	3	2	3	62	0.00321042
2.45924	3	2	3	62	0.00320923
2.45924	3	2	3	62	0.00320803
2.45924	3	2	3	62	0.00320684
2.45924	3	2	3	70	0.00320563
2.46524	3	2	3	70	0.00321041
2.46524	3	2	3	70	0.00320921
2.46524	3	2	3	62	0.00320803
2.47324	3	2	3	62	0.00321162
2.47324	3	2	3	62	0.00321042
2.47824	1	4	3	54	0.0147831
2.47831	1	3	3	54	0.0117116
2.47831	1	3	3	54	0.00856877
2.47831	1	3	3	54	0.0066402
2.47839	1	2	3	62	0.0289259
2.47839	1	2	3	62	0.0255688
2.47839	1	2	3	62	0.0109259
2.47839	1	2	3	62	0.00885447
2.47839	1	2	3	62	0.0069259
2.47924	3	2	3	62	0.00321162
2.47924	3	2	3	62	0.00321042
2.47924	3	2	3	54	0.00320924
2.48524	1	1	3	54	0.0232116
2.48524	3	2	3	54	0.00321044
2.49124	3	2	3	54	0.00321163
2.49124	3	2	3	54	0.00320924
2.49724	3	2	3	54	0.00321044
2.49724	3	2	3	54	0.00320805
2.50424	3	2	3	54	0.00249615
2.50524	3	1	3	62	0.00321162
2.50924	1	1	3	54	0.0282116
2.50931	1	3	3	54	0.0209973
2.50931	1	3	3	54	0.0127831
2.50931	1	3	3	54	0.00878306
2.50931	1	3	3	54	0.00685448
2.51024	1	2	3	54	0.0137831
2.51024	1	2	3	54	0.00792591
2.51124	3	2	3	54	0.00320924
2.51224	1	4	3	54	0.00242592
2.51524	1	1	3	54	0.0312116
2.51624	3	2	3	54	0.00228187
2.52224	3	2	3	54	0.00321163
2.52224	3	2	3	54	0.00320924
2.52524	3	1	3	54	0.00321163
2.52524	3	1	3	62	0.00321042
2.52924	3	2	3	54	0.00228187
2.53624	3	2	3	54	0.00321044
2.54224	3	2	3	54	0.00320924
2.54524	3	1	3	62	0.00321162
2.54524	3	1	3	54	0.00321044
2.54824	3	2	3	54	0.00321163
2.54824	3	2	3	54	0.00320924
2.55624	1	1	3	54	0.0432116
2.55624	3	2	3	54	0.00321044
2.55631	1	4	3	54	0.00828306
2.55639	1	3	3	54	0.0299973
2.55639	1	3	3	54	0.0259259
2.55639	1	3	3	54	0.0228545
2.55646	1	2	3	54	0.0261402
2.55646	1	2	3	54	0.0199973
2.55824	1	1	3	54	0.0342116
2.56224	1	4	3	54	0.00521163
2.56224	3	2	3	54	0.00321044
2.56424	1	1	3	54	0.0152116
2.56524	3	1	3	54	0.00321163
2.56524	3	1	3	54	0.00320805
2.56824	3	2	3	54	0.00321163
2.56824	3	2	3	54	0.00320924
2.57424	3	2	3	54	0.00320928
2.58224	3	2	3	54	0.00228306
2.58824	3	2	3	54	0.00321163
2.58824	3	2	3	54	0.00320924
2.58824	3	2	3	54	0.00320685
2.59024	3	1	3	54	0.00321163
2.59024	3	1	3	54	0.00320924
2.59024	3	1	3	54	0.00320685
2.59624	3	2	3	54	0.00321044
2.59631	1	2	3	54	0.0248545
2.59631	1	2	3	54	0.0198545
2.60224	3	2	3	54	0.00321044
2.60624	1	3	3	62	0.0345688
2.60624	1	3	3	62	0.033783
2.60624	1	3	3	62	0.0304259
2.60624	1	3	3	62	0.0304247
2.60624	1	3	3	62	0.0284973
2.60624	1	3	3	62	0.0266402
2.60824	1	4	3	54	0.0202116
2.60824	3	2	3	54	0.00321044
2.60824	3	2	3	54	0.00320805
2.60824	3	2	3	54	0.00320566
2.61524	3	2	3	54	0.00263901
2.61531	3	1	3	54	0.00328306
2.61531	3	1	3	54	0.00327948
2.61531	3	1	3	54	0.00327709
2.61624	3	1	3	54	0.00321044
2.61831	1	1	3	54	0.0562819
2.61831	1	1	3	54	0.0362831
2.61831	1	1	3	54	0.0193545
2.61839	1	4	3	54	0.0213533
2.61839	1	4	3	54	0.0113545
2.61846	1	2	3	54	0.00699734
2.61846	1	2	3	54	0.00378306
2.61846	1	2	3	54	0.00285329
2.62224	3	2	3	54	0.00321044
2.62624	1	3	3	62	0.00464019
2.62624	1	3	3	62	0.00463899
2.62624	1	3	3	62	0.00364019
2.62624	1	3	3	54	0.00363901
2.62624	1	3	3	54	0.00263901
2.62824	3	2	3	54	0.00321044
2.62824	3	2	3	54	0.00320805
2.62824	3	2	3	54	0.00320566
2.63524	3	2	3	54	0.00421044
2.64024	3	1	3	54	0.00320924
2.64024	3	1	3	54	0.00320685
2.64024	3	1	3	54	0.00320446
2.64224	3	2	3	54	0.00321163
2.64824	3	2	3	54	0.00321163
2.64824	3	2	3	54	0.00320924
2.64824	3	2	3	54	0.00320685
2.65424	3	2	3	54	0.00321044
2.65424	3	2	3	54	0.00320805
2.65524	1	1	3	54	0.0432104
2.65531	1	4	3	62	0.0182819
2.65531	1	4	3	62	0.017283
2.65539	1	3	3	62	0.0116402
2.65539	1	3	3	62	0.0109259
2.65539	1	3	3	62	0.00899733
2.65539	1	3	3	62	0.00899613
2.65546	1	2	3	54	0.0210688
2.65546	1	2	3	54	0.0169247
2.65546	1	2	3	54	0.0138545
2.66324	3	2	3	54	0.00320928
2.66924	3	2	3	54	0.00320924
2.66924	3	2	3	54	0.00320685
2.67024	3	1	3	62	0.00821162
2.67024	3	1	3	62	0.00821042
2.67024	3	1	3	62	0.00820923
2.67024	3	1	3	62	0.00820803
2.67024	3	1	3	62	0.00820684
2.67024	3	1	3	62	0.00721162
2.67724	3	2	3	62	0.00321162
2.67724	3	2	3	62	0.00321042
2.68324	3	2	3	62	0.00321162
2.68324	3	2	3	62	0.00321042
2.68631	1	4	3	62	0.0482819
2.68631	1	4	3	62	0.0435688
2.68631	1	4	3	62	0.035283
2.68631	1	4	3	62	0.0335688
2.68631	1	4	3	62	0.013283
2.68639	1	3	3	62	0.014783
2.68639	1	3	3	62	0.0135688
2.68639	1	3	3	62	0.0119259
2.68639	1	3	3	54	0.0109973
2.68646	1	2	3	54	0.0121402
2.68646	1	2	3	54	0.00806877
2.68646	1	2	3	54	0.00485448
2.6866	1	1	3	54	0.0305688
2.6866	1	1	3	54	0.0205688
2.6866	1	1	3	54	0.00956761
2.68924	3	2	3	62	0.00321162
2.68924	3	2	3	62	0.00321042
2.68924	3	2	3	62	0.00320923
2.68931	3	1	3	62	0.00235447
2.68931	3	1	3	62	0.00235328
2.68931	3	1	3	62	0.00235208
2.68931	3	1	3	54	0.0023509
2.69124	3	1	3	54	0.00321163
2.69524	3	2	3	62	0.00321162
2.69524	3	2	3	62	0.00321042
2.69524	3	2	3	62	0.00320923
2.69624	1	4	3	62	0.0186402
2.69624	1	4	3	62	0.0144259
