time(s)	cellId	rnti	lcid	packetSize
10	1	1	3	58
10.1	1	2	3	58
10.2	3	1	3	58
10.3	3	2	3	58
10.4	1	3	3	58
10.5	1	4	3	58
10.6075	3	3	3	1430
10.6149	3	3	3	1430
10.6224	3	3	3	1430
10.6299	3	3	3	1430
10.6373	3	3	3	1430
10.6448	3	3	3	1430
10.6523	3	3	3	1430
10.6597	3	3	3	1430
10.6672	3	3	3	1430
10.6747	3	3	3	1430
10.6821	3	3	3	1430
10.6896	3	3	3	1430
10.6971	3	3	3	1430
10.7045	3	3	3	1430
10.7075	3	4	3	1430
10.712	3	3	3	1430
10.7149	3	4	3	1430
10.7195	3	3	3	1430
10.7224	3	4	3	1430
10.7269	3	3	3	1430
10.7299	3	4	3	1430
10.7344	3	3	3	1430
10.7373	3	4	3	1430
10.7419	3	3	3	1430
10.7448	3	4	3	1430
10.7493	3	3	3	1430
10.7523	3	4	3	1430
10.7568	3	3	3	1430
10.7597	3	4	3	1430
10.7643	3	3	3	1430
10.7672	3	4	3	1430
10.7717	3	3	3	1430
10.7747	3	4	3	1430
10.7792	3	3	3	1430
10.7821	3	4	3	1430
10.7867	3	3	3	1430
10.7896	3	4	3	1430
10.7941	3	3	3	1430
10.7971	3	4	3	1430
10.8	1	5	3	58
10.8016	3	3	3	1430
10.8045	3	4	3	1430
10.8091	3	3	3	1430
10.812	3	4	3	1430
10.8165	3	3	3	1430
10.8195	3	4	3	1430
10.824	3	3	3	1430
10.8269	3	4	3	1430
10.8315	3	3	3	1430
10.8342	1	5	3	54
10.8342	1	5	3	1454
10.8342	1	5	3	1454
10.8342	1	5	3	1454
10.8342	1	5	3	1454
10.8342	1	5	3	1454
10.8342	1	5	3	1454
10.8342	1	5	3	1454
10.8342	1	5	3	1454
10.8342	1	5	3	1454
10.8342	1	5	3	1454
10.8344	3	4	3	1430
10.8389	3	3	3	1430
10.8419	3	4	3	1430
10.8464	3	3	3	1430
10.8493	3	4	3	1430
10.8539	3	3	3	1430
10.8568	3	4	3	1430
10.8613	3	3	3	1430
10.8643	3	4	3	1430
10.8688	3	3	3	1430
10.8717	3	4	3	1430
10.8763	3	3	3	1430
10.8792	3	4	3	1430
10.8837	3	3	3	1430
10.8867	3	4	3	1430
10.8892	1	5	3	1454
10.8892	1	5	3	1454
10.8912	3	3	3	1430
10.8922	1	5	3	1454
10.8922	1	5	3	1454
10.8922	1	5	3	1454
10.8922	1	5	3	1454
10.8941	3	4	3	1430
10.8952	1	5	3	1454
10.8952	1	5	3	1454
10.8952	1	5	3	1454
10.8952	1	5	3	1454
10.8962	1	5	3	1454
10.8962	1	5	3	1454
10.8962	1	5	3	1454
10.8962	1	5	3	1454
10.8987	3	3	3	1430
10.9016	3	4	3	1430
10.9061	3	3	3	1430
10.9091	3	4	3	1430
10.9136	3	3	3	1430
10.9165	3	4	3	1430
10.9211	3	3	3	1430
10.924	3	4	3	1430
10.9285	3	3	3	1430
10.9315	3	4	3	1430
10.936	3	3	3	1430
10.9389	3	4	3	1430
10.9435	3	3	3	1430
10.9454	1	5	3	1454
10.9454	1	5	3	1454
10.9454	1	5	3	1454
10.9454	1	5	3	1454
10.9454	1	5	3	1454
10.9454	1	5	3	1454
10.9454	1	5	3	1454
10.9462	1	5	3	1454
10.9462	1	5	3	1454
10.9462	1	5	3	1454
10.9464	3	4	3	1430
10.9509	3	3	3	1430
10.9539	3	4	3	1430
10.9584	3	3	3	1430
10.9613	3	4	3	1430
10.9659	3	3	3	1430
10.9688	3	4	3	1430
10.9733	3	3	3	1430
10.9763	3	4	3	1430
10.9808	3	3	3	1430
10.9837	3	4	3	1430
10.9883	3	3	3	1430
10.9912	3	4	3	1430
10.9942	1	5	3	1454
10.9942	1	5	3	1454
10.9957	3	3	3	1430
10.9987	3	4	3	1430
11	3	5	3	58
11	1	6	3	58
11.0002	1	5	3	1454
11.0032	3	3	3	1430
11.0061	3	4	3	1430
11.0063	1	5	3	1454
11.0063	1	5	3	1454
11.0063	1	5	3	1454
11.0082	1	5	3	1454
11.0107	3	3	3	1430
11.0136	3	4	3	1430
11.0181	3	3	3	1430
11.0211	3	4	3	1430
11.0256	3	3	3	1430
11.0285	3	4	3	1430
11.0331	3	3	3	1430
11.036	3	4	3	1430
11.0405	3	3	3	1430
11.0435	3	4	3	1430
11.048	3	3	3	1430
11.0509	3	4	3	1430
11.0555	3	3	3	1430
11.0584	3	4	3	1430
11.0629	3	3	3	1430
11.0659	3	4	3	1430
11.0704	3	3	3	1430
11.0733	3	4	3	1430
11.0779	3	3	3	1430
11.0808	3	4	3	1430
11.0853	3	3	3	1430
11.0883	3	4	3	1430
11.0928	3	3	3	1430
11.0957	3	4	3	1430
11.1	1	7	3	58
11.1003	3	3	3	1430
11.1032	3	4	3	1430
11.1077	3	3	3	1430
11.1107	3	4	3	1430
11.1152	3	3	3	1430
11.1181	3	4	3	1430
11.1227	3	3	3	1430
11.1256	3	4	3	1430
11.1282	1	5	3	1454
11.1301	3	3	3	1430
11.1331	3	4	3	1430
11.1376	3	3	3	1430
11.1405	3	4	3	1430
11.1451	3	3	3	1430
11.148	3	4	3	1430
11.1525	3	3	3	1430
11.1555	3	4	3	1430
11.16	3	3	3	1430
11.1629	3	4	3	1430
11.1675	3	3	3	1430
11.1704	3	4	3	1430
11.1749	3	3	3	1430
11.1779	3	4	3	1430
11.1824	3	3	3	1430
11.1853	3	4	3	1430
11.1899	3	3	3	1430
11.1928	3	4	3	1430
11.1973	3	3	3	1430
11.2	1	8	3	58
11.2003	3	4	3	1430
11.2048	3	3	3	1430
11.2077	3	4	3	1430
11.2123	3	3	3	1430
11.2152	3	4	3	1430
11.2197	3	3	3	1430
11.2227	3	4	3	1430
11.2234	1	5	3	1454
11.2234	1	5	3	1454
11.2234	1	5	3	1454
11.2234	1	5	3	1454
11.2234	1	5	3	1454
11.2234	1	5	3	1454
11.2234	1	5	3	1454
11.2272	3	3	3	1430
11.2301	3	4	3	1430
11.2347	3	3	3	1430
11.2376	3	4	3	1430
11.2421	3	3	3	1430
11.2451	3	4	3	1430
11.2496	3	3	3	1430
11.2525	3	4	3	1430
11.2571	3	3	3	1430
11.26	3	4	3	1430
11.2645	3	3	3	1430
11.2675	3	4	3	1430
11.272	3	3	3	1430
11.2749	3	4	3	1430
11.2792	1	5	3	1454
11.2795	3	3	3	1430
11.2824	3	4	3	1430
11.2869	3	3	3	1430
11.2899	3	4	3	1430
11.2944	3	3	3	1430
11.2973	3	4	3	1430
11.3	3	6	3	58
11.3019	3	3	3	1430
11.3048	3	4	3	1430
11.3093	3	3	3	1430
11.3123	3	4	3	1430
11.3132	3	6	3	54
11.3132	3	6	3	1454
11.3132	3	6	3	1454
11.3132	3	6	3	1454
11.3132	3	6	3	1454
11.3132	3	6	3	1454
11.3132	3	6	3	1454
11.3132	3	6	3	1454
11.3132	3	6	3	1454
11.3132	3	6	3	1454
11.3132	3	6	3	1454
11.3168	3	3	3	1430
11.3197	3	4	3	1430
11.3243	3	3	3	1430
11.3272	3	4	3	1430
11.3272	3	6	3	1454
11.3272	3	6	3	1454
11.3317	3	3	3	1430
11.3332	3	6	3	1454
11.3332	3	6	3	1454
11.3332	3	6	3	1454
11.3332	3	6	3	1454
11.3332	3	6	3	1454
11.3332	3	6	3	1454
11.3332	3	6	3	1454
11.3332	3	6	3	1454
11.3332	3	6	3	1454
11.3332	3	6	3	1454
11.3332	3	6	3	1454
11.3332	3	6	3	1454
11.3347	3	4	3	1430
11.3392	3	3	3	1430
11.3412	3	6	3	1454
11.3412	3	6	3	1454
11.3421	3	4	3	1430
11.3467	3	3	3	1430
11.3472	3	6	3	1454
11.3472	3	6	3	1454
11.3472	3	6	3	1454
11.3496	3	4	3	1430
11.3532	3	6	3	1454
11.3532	3	6	3	1454
11.3532	3	6	3	1454
11.3532	3	6	3	1454
11.3532	3	6	3	1454
11.3532	3	6	3	1454
11.3532	3	6	3	1454
11.3532	3	6	3	1454
11.3532	3	6	3	1454
11.3541	3	3	3	1430
11.3571	3	4	3	1430
11.3592	3	6	3	1454
11.3592	3	6	3	1454
11.3592	3	6	3	1454
11.3616	3	3	3	1430
11.3645	3	4	3	1430
11.3652	3	6	3	1454
11.3691	3	3	3	1430
11.3712	3	6	3	1454
11.3712	3	6	3	1454
11.3712	3	6	3	1454
11.3712	3	6	3	1454
11.3712	3	6	3	1454
11.372	3	4	3	1430
11.3765	3	3	3	1430
11.3772	3	6	3	1454
11.3772	3	6	3	1454
11.3772	3	6	3	1454
11.3772	3	6	3	1454
11.3772	3	6	3	1454
11.3795	3	4	3	1430
11.384	3	3	3	1430
11.3852	3	6	3	1454
11.3852	3	6	3	1454
11.3869	3	4	3	1430
11.3912	3	6	3	1454
11.3912	3	6	3	1454
11.3912	3	6	3	1454
11.3915	3	3	3	1430
11.3944	3	4	3	1430
11.3972	3	6	3	1454
11.3972	3	6	3	1454
11.3972	3	6	3	1454
11.3972	3	6	3	1454
11.3989	3	3	3	1430
11.4	3	7	3	58
11.4019	3	4	3	1430
11.4042	3	6	3	1454
11.4042	3	6	3	1454
11.4042	3	6	3	1454
11.4064	3	3	3	1430
11.4093	3	4	3	1430
11.4102	3	6	3	1454
11.4102	3	6	3	1454
11.4139	3	3	3	1430
11.4152	3	6	3	1454
11.4152	3	6	3	1454
11.4152	3	6	3	1454
11.4152	3	6	3	1454
11.4168	3	4	3	1430
11.4212	3	6	3	1454
11.4212	3	6	3	1454
11.4213	3	3	3	1430
11.4243	3	4	3	1430
11.4272	3	6	3	1454
11.4272	3	6	3	1454
11.4288	3	3	3	1430
11.4317	3	4	3	1430
11.4332	3	6	3	1454
11.4332	3	6	3	1454
11.4332	3	6	3	1454
11.4332	3	6	3	1454
11.4363	3	3	3	1430
11.4392	3	4	3	1430
11.4392	3	6	3	1454
11.4392	3	6	3	1454
11.4437	3	3	3	1430
11.4452	3	6	3	1454
11.4452	3	6	3	1454
11.4452	3	6	3	1454
11.4452	3	6	3	1454
11.4467	3	4	3	1430
11.4512	3	3	3	1430
11.4512	3	6	3	1454
11.4512	3	6	3	1454
11.4541	3	4	3	1430
11.4572	3	6	3	1454
11.4572	3	6	3	1454
11.4587	3	3	3	1430
11.4616	3	4	3	1430
11.4632	3	6	3	1454
11.4632	3	6	3	1454
11.4632	3	6	3	1454
11.4632	3	6	3	1454
11.4661	3	3	3	1430
11.4691	3	4	3	1430
11.4692	3	6	3	1454
11.4692	3	6	3	1454
11.4692	3	6	3	1454
11.4736	3	3	3	1430
11.4752	3	6	3	1454
11.4752	3	6	3	1454
11.4765	3	4	3	1430
11.4811	3	3	3	1430
11.4812	3	6	3	1454
11.4812	3	6	3	1454
11.4812	3	6	3	1454
11.4812	3	6	3	1454
11.484	3	4	3	1430
11.4872	3	6	3	1454
11.4872	3	6	3	1454
11.4885	3	3	3	1430
11.4915	3	4	3	1430
11.4932	3	6	3	1454
11.4932	3	6	3	1454
11.4932	3	6	3	1454
11.4932	3	6	3	1454
11.496	3	3	3	1430
11.4989	3	4	3	1430
11.4992	3	6	3	1454
11.4992	3	6	3	1454
11.4992	3	6	3	1454
11.4992	3	6	3	1454
11.4992	3	6	3	1454
11.5035	3	3	3	1430
11.5064	3	4	3	1430
11.5072	3	6	3	1454
11.5072	3	6	3	1454
11.5109	3	3	3	1430
11.5132	3	6	3	1454
11.5132	3	6	3	1454
11.5132	3	6	3	1454
11.5132	3	6	3	1454
11.5139	3	4	3	1430
11.5184	3	3	3	1430
11.5192	3	6	3	1454
11.5192	3	6	3	1454
11.5192	3	6	3	1454
11.5192	3	6	3	1454
11.5192	3	6	3	1454
11.5192	3	6	3	1454
11.5213	3	4	3	1430
11.5259	3	3	3	1430
11.5272	3	6	3	1454
11.5272	3	6	3	1454
11.5288	3	4	3	1430
11.5332	3	6	3	1454
11.5332	3	6	3	1454
11.5333	3	3	3	1430
11.5363	3	4	3	1430
11.5392	3	6	3	1454
11.5392	3	6	3	1454
11.5392	3	6	3	1454
11.5392	3	6	3	1454
11.5392	3	6	3	1454
11.5392	3	6	3	1454
11.5392	3	6	3	1454
11.5392	3	6	3	1454
11.5408	3	3	3	1430
11.5437	3	4	3	1430
11.5472	3	6	3	1454
11.5472	3	6	3	1454
11.5472	3	6	3	1454
11.5483	3	3	3	1430
11.5512	3	4	3	1430
11.5532	3	6	3	1454
11.5532	3	6	3	1454
11.5532	3	6	3	1454
11.5557	3	3	3	1430
11.5582	3	6	3	1454
11.5582	3	6	3	1454
11.5582	3	6	3	1454
11.5582	3	6	3	1454
11.5582	3	6	3	1454
11.5587	3	4	3	1430
11.5632	3	3	3	1430
11.5642	3	6	3	1454
11.5642	3	6	3	1454
11.5642	3	6	3	1454
11.5661	3	4	3	1430
11.5707	3	3	3	1430
11.5736	3	4	3	1430
11.5752	3	6	3	1454
11.5752	3	6	3	1454
11.5752	3	6	3	1454
11.5752	3	6	3	1454
11.5752	3	6	3	1454
11.5752	3	6	3	1454
11.5781	3	3	3	1430
11.5811	3	4	3	1430
11.5812	3	6	3	1454
11.5812	3	6	3	1454
11.5856	3	3	3	1430
11.5885	3	4	3	1430
11.5892	3	6	3	1454
11.5931	3	3	3	1430
11.5952	3	6	3	1454
11.5952	3	6	3	1454
11.5952	3	6	3	1454
11.5952	3	6	3	1454
11.5952	3	6	3	1454
11.5952	3	6	3	1454
11.596	3	4	3	1430
11.6005	3	3	3	1430
11.6032	3	6	3	1454
11.6032	3	6	3	1454
11.6035	3	4	3	1430
11.608	3	3	3	1430
11.6092	3	6	3	1454
11.6092	3	6	3	1454
11.6109	3	4	3	1430
11.6152	3	6	3	1454
11.6152	3	6	3	1454
11.6152	3	6	3	1454
11.6152	3	6	3	1454
11.6152	3	6	3	1454
11.6152	3	6	3	1454
11.6155	3	3	3	1430
11.6184	3	4	3	1430
11.6229	3	3	3	1430
11.6232	3	6	3	1454
11.6232	3	6	3	1454
11.6259	3	4	3	1430
11.6292	3	6	3	1454
11.6292	3	6	3	1454
11.6304	3	3	3	1430
11.6333	3	4	3	1430
11.6352	3	6	3	1454
11.6352	3	6	3	1454
11.6352	3	6	3	1454
11.6352	3	6	3	1454
11.6352	3	6	3	1454
11.6352	3	6	3	1454
11.6379	3	3	3	1430
11.6408	3	4	3	1430
11.6432	3	6	3	1454
11.6432	3	6	3	1454
11.6432	3	6	3	1454
11.6453	3	3	3	1430
11.6483	3	4	3	1430
11.6492	3	6	3	1454
11.6492	3	6	3	1454
11.6528	3	3	3	1430
11.6552	3	6	3	1454
11.6552	3	6	3	1454
11.6552	3	6	3	1454
11.6552	3	6	3	1454
11.6552	3	6	3	1454
11.6552	3	6	3	1454
11.6557	3	4	3	1430
11.6603	3	3	3	1430
11.6612	3	6	3	1454
11.6612	3	6	3	1454
11.6632	3	4	3	1430
11.6677	3	3	3	1430
11.6692	3	6	3	1454
11.6692	3	6	3	1454
11.6707	3	4	3	1430
11.6752	3	3	3	1430
11.6752	3	6	3	1454
11.6752	3	6	3	1454
11.6752	3	6	3	1454
11.6752	3	6	3	1454
11.6752	3	6	3	1454
11.6752	3	6	3	1454
11.6752	3	6	3	1454
11.6781	3	4	3	1430
11.6827	3	3	3	1430
11.6832	3	6	3	1454
11.6832	3	6	3	1454
11.6856	3	4	3	1430
11.6892	3	6	3	1454
11.6892	3	6	3	1454
11.6901	3	3	3	1430
11.6931	3	4	3	1430
11.6952	3	6	3	1454
11.6952	3	6	3	1454
11.6952	3	6	3	1454
11.6952	3	6	3	1454
11.6952	3	6	3	1454
11.6952	3	6	3	1454
11.6976	3	3	3	1430
11.7005	3	4	3	1430
11.7012	3	6	3	1454
11.7012	3	6	3	1454
11.7012	3	6	3	1454
11.7012	3	6	3	1454
11.7051	3	3	3	1430
11.708	3	4	3	1430
11.7092	3	6	3	1454
11.7092	3	6	3	1454
11.7092	3	6	3	1454
11.7125	3	3	3	1430
11.7152	3	6	3	1454
11.7152	3	6	3	1454
11.7152	3	6	3	1454
11.7152	3	6	3	1454
11.7152	3	6	3	1454
11.7152	3	6	3	1454
11.7155	3	4	3	1430
11.72	3	3	3	1430
11.7212	3	6	3	1454
11.7212	3	6	3	1454
11.7212	3	6	3	1454
11.7229	3	4	3	1430
11.7272	3	6	3	1454
11.7272	3	6	3	1454
11.7272	3	6	3	1454
11.7275	3	3	3	1430
11.7304	3	4	3	1430
11.7332	3	6	3	1454
11.7332	3	6	3	1454
11.7332	3	6	3	1454
11.7332	3	6	3	1454
11.7332	3	6	3	1454
11.7332	3	6	3	1454
11.7332	3	6	3	1454
11.7349	3	3	3	1430
11.7379	3	4	3	1430
11.7392	3	6	3	1454
11.7392	3	6	3	1454
11.7424	3	3	3	1430
11.7452	3	6	3	1454
11.7452	3	6	3	1454
11.7453	3	4	3	1430
11.7499	3	3	3	1430
11.7502	3	6	3	1454
11.7502	3	6	3	1454
11.7502	3	6	3	1454
11.7528	3	4	3	1430
11.7562	3	6	3	1454
11.7562	3	6	3	1454
11.7562	3	6	3	1454
11.7562	3	6	3	1454
11.7562	3	6	3	1454
11.7573	3	3	3	1430
11.7603	3	4	3	1430
11.7632	3	6	3	1454
11.7632	3	6	3	1454
11.7648	3	3	3	1430
11.7677	3	4	3	1430
11.7692	3	6	3	1454
11.7692	3	6	3	1454
11.7692	3	6	3	1454
11.7692	3	6	3	1454
11.7723	3	3	3	1430
11.7752	3	4	3	1430
11.7752	3	6	3	1454
11.7797	3	3	3	1430
11.7812	3	6	3	1454
11.7812	3	6	3	1454
11.7827	3	4	3	1430
11.7872	3	3	3	1430
11.7872	3	6	3	1454
11.7872	3	6	3	1454
11.7872	3	6	3	1454
11.7872	3	6	3	1454
11.7901	3	4	3	1430
11.7947	3	3	3	1430
11.7952	3	6	3	1454
11.7952	3	6	3	1454
11.7976	3	4	3	1430
11.8012	3	6	3	1454
11.8012	3	6	3	1454
11.8021	3	3	3	1430
11.8051	3	4	3	1430
11.8072	3	6	3	1454
11.8072	3	6	3	1454
11.8096	3	3	3	1430
11.8125	3	4	3	1430
11.8132	3	6	3	1454
11.8132	3	6	3	1454
11.8132	3	6	3	1454
11.8132	3	6	3	1454
11.8171	3	3	3	1430
11.82	3	4	3	1430
11.8212	3	6	3	1454
11.8212	3	6	3	1454
11.8245	3	3	3	1430
11.8272	3	6	3	1454
11.8272	3	6	3	1454
11.8275	3	4	3	1430
11.832	3	3	3	1430
11.8332	3	6	3	1454
11.8332	3	6	3	1454
11.8332	3	6	3	1454
11.8349	3	4	3	1430
11.8392	3	6	3	1454
11.8392	3	6	3	1454
11.8392	3	6	3	1454
11.8392	3	6	3	1454
11.8395	3	3	3	1430
11.8424	3	4	3	1430
11.8469	3	3	3	1430
11.8472	3	6	3	1454
11.8472	3	6	3	1454
11.8499	3	4	3	1430
11.8532	3	6	3	1454
11.8532	3	6	3	1454
11.8544	3	3	3	1430
11.8573	3	4	3	1430
11.8592	3	6	3	1454
11.8592	3	6	3	1454
11.8592	3	6	3	1454
11.8592	3	6	3	1454
11.8619	3	3	3	1430
11.8648	3	4	3	1430
11.8652	3	6	3	1454
11.8652	3	6	3	1454
11.8652	3	6	3	1454
11.8693	3	3	3	1430
11.8723	3	4	3	1430
11.8732	3	6	3	1454
11.8732	3	6	3	1454
11.8768	3	3	3	1430
11.8782	3	6	3	1454
11.8782	3	6	3	1454
11.8782	3	6	3	1454
11.8782	3	6	3	1454
11.8797	3	4	3	1430
11.8842	3	6	3	1454
11.8842	3	6	3	1454
11.8843	3	3	3	1430
11.8872	3	4	3	1430
11.8902	3	6	3	1454
11.8902	3	6	3	1454
11.8902	3	6	3	1454
11.8902	3	6	3	1454
11.8917	3	3	3	1430
11.8947	3	4	3	1430
11.8952	3	6	3	1454
11.8952	3	6	3	1454
11.8952	3	6	3	1454
11.8992	3	3	3	1430
11.9012	3	6	3	1454
11.9012	3	6	3	1454
11.9021	3	4	3	1430
11.9067	3	3	3	1430
11.9072	3	6	3	1454
11.9072	3	6	3	1454
11.9072	3	6	3	1454
11.9072	3	6	3	1454
11.9096	3	4	3	1430
11.9132	3	6	3	1454
11.9132	3	6	3	1454
11.9141	3	3	3	1430
11.9171	3	4	3	1430
11.9192	3	6	3	1454
11.9192	3	6	3	1454
11.9216	3	3	3	1430
11.9245	3	4	3	1430
11.9252	3	6	3	1454
11.9252	3	6	3	1454
11.9252	3	6	3	1454
11.9252	3	6	3	1454
11.9252	3	6	3	1454
11.9252	3	6	3	1454
11.9252	3	6	3	1454
11.9291	3	3	3	1430
11.932	3	4	3	1430
11.9332	3	6	3	1454
11.9332	3	6	3	1454
11.9365	3	3	3	1430
11.9392	3	6	3	1454
11.9392	3	6	3	1454
11.9395	3	4	3	1430
11.944	3	3	3	1430
11.9452	3	6	3	1454
11.9452	3	6	3	1454
11.9452	3	6	3	1454
11.9452	3	6	3	1454
11.9452	3	6	3	1454
11.9452	3	6	3	1454
11.9469	3	4	3	1430
11.9512	3	6	3	1454
11.9512	3	6	3	1454
11.9512	3	6	3	1454
11.9512	3	6	3	1454
11.9515	3	3	3	1430
11.9544	3	4	3	1430
11.9582	3	6	3	1454
11.9582	3	6	3	1454
11.9589	3	3	3	1430
11.9619	3	4	3	1430
11.9642	3	6	3	1454
11.9642	3	6	3	1454
11.9642	3	6	3	1454
11.9642	3	6	3	1454
11.9642	3	6	3	1454
11.9642	3	6	3	1454
11.9642	3	6	3	1454
11.9664	3	3	3	1430
11.9693	3	4	3	1430
11.9702	3	6	3	1454
11.9702	3	6	3	1454
11.9702	3	6	3	1454
11.9739	3	3	3	1430
11.9768	3	4	3	1430
11.9782	3	6	3	1454
11.9782	3	6	3	1454
11.9782	3	6	3	1454
11.9813	3	3	3	1430
11.9842	3	6	3	1454
11.9842	3	6	3	1454
11.9842	3	6	3	1454
11.9842	3	6	3	1454
11.9842	3	6	3	1454
11.9842	3	6	3	1454
11.9842	3	6	3	1454
11.9843	3	4	3	1430
11.9888	3	3	3	1430
11.9902	3	6	3	1454
11.9902	3	6	3	1454
11.9917	3	4	3	1430
11.9962	3	6	3	1454
11.9962	3	6	3	1454
11.9963	3	3	3	1430
11.9992	3	4	3	1430
12.0022	3	6	3	1454
12.0022	3	6	3	1454
12.0022	3	6	3	1454
12.0037	3	3	3	1430
12.0063	1	5	3	1454
12.0067	3	4	3	1430
12.0082	3	6	3	1454
12.0082	3	6	3	1454
12.0082	3	6	3	1454
12.0082	3	6	3	1454
12.0082	3	6	3	1454
12.0112	3	3	3	1430
12.0141	3	4	3	1430
12.0162	3	6	3	1454
12.0162	3	6	3	1454
12.0187	3	3	3	1430
12.0216	3	4	3	1430
12.0232	3	6	3	1454
12.0232	3	6	3	1454
12.0232	3	6	3	1454
12.0232	3	6	3	1454
12.0261	3	3	3	1430
12.0291	3	4	3	1430
12.0292	3	6	3	1454
12.0336	3	3	3	1430
12.0352	3	6	3	1454
12.0352	3	6	3	1454
12.0365	3	4	3	1430
12.0411	3	3	3	1430
12.0412	3	6	3	1454
12.0412	3	6	3	1454
12.0412	3	6	3	1454
12.0412	3	6	3	1454
12.044	3	4	3	1430
12.0485	3	3	3	1430
12.0492	3	6	3	1454
12.0492	3	6	3	1454
12.0515	3	4	3	1430
12.0552	3	6	3	1454
12.0552	3	6	3	1454
12.056	3	3	3	1430
12.0562	1	5	3	1454
12.0562	1	5	3	1454
12.0589	3	4	3	1430
12.0612	3	6	3	1454
12.0612	3	6	3	1454
12.0635	3	3	3	1430
12.0664	3	4	3	1430
12.0672	3	6	3	1454
12.0672	3	6	3	1454
12.0672	3	6	3	1454
12.0672	3	6	3	1454
12.0709	3	3	3	1430
12.0739	3	4	3	1430
12.0752	3	6	3	1454
12.0752	3	6	3	1454
12.0784	3	3	3	1430
12.0812	3	6	3	1454
12.0812	3	6	3	1454
12.0813	3	4	3	1430
12.0859	3	3	3	1430
12.0872	3	6	3	1454
12.0872	3	6	3	1454
12.0872	3	6	3	1454
12.0888	3	4	3	1430
12.0932	3	6	3	1454
12.0932	3	6	3	1454
12.0932	3	6	3	1454
12.0932	3	6	3	1454
12.0933	3	3	3	1430
12.0963	3	4	3	1430
12.1008	3	3	3	1430
12.1012	3	6	3	1454
12.1012	3	6	3	1454
12.1013	1	5	3	1454
12.1013	1	5	3	1454
12.1013	1	5	3	1454
12.1013	1	5	3	1454
12.1037	3	4	3	1430
12.1072	3	6	3	1454
12.1072	3	6	3	1454
12.1083	3	3	3	1430
12.1112	3	4	3	1430
12.1132	3	6	3	1454
12.1132	3	6	3	1454
12.1132	3	6	3	1454
12.1132	3	6	3	1454
12.1157	3	3	3	1430
12.1182	3	6	3	1454
12.1182	3	6	3	1454
12.1182	3	6	3	1454
12.1187	3	4	3	1430
12.1232	3	3	3	1430
12.1261	3	4	3	1430
12.1272	3	6	3	1454
12.1272	3	6	3	1454
12.1307	3	3	3	1430
12.1332	3	6	3	1454
12.1332	3	6	3	1454
12.1332	3	6	3	1454
12.1332	3	6	3	1454
12.1332	3	6	3	1454
12.1332	3	6	3	1454
12.1336	3	4	3	1430
12.1381	3	3	3	1430
12.1411	3	4	3	1430
12.1412	3	6	3	1454
12.1412	3	6	3	1454
12.1456	3	3	3	1430
12.1462	1	5	3	1454
12.1462	1	5	3	1454
12.1472	3	6	3	1454
12.1472	3	6	3	1454
12.1485	3	4	3	1430
12.1492	1	5	3	1454
12.1492	1	5	3	1454
12.1492	1	5	3	1454
12.1531	3	3	3	1430
12.1532	3	6	3	1454
12.1532	3	6	3	1454
12.1532	3	6	3	1454
12.1532	3	6	3	1454
12.1532	3	6	3	1454
12.1532	3	6	3	1454
12.1532	3	6	3	1454
12.156	3	4	3	1430
12.1605	3	3	3	1430
12.1612	3	6	3	1454
12.1612	3	6	3	1454
12.1635	3	4	3	1430
12.1672	3	6	3	1454
12.1672	3	6	3	1454
12.168	3	3	3	1430
12.1709	3	4	3	1430
12.1732	3	6	3	1454
12.1732	3	6	3	1454
12.1732	3	6	3	1454
12.1732	3	6	3	1454
12.1732	3	6	3	1454
12.1732	3	6	3	1454
12.1755	3	3	3	1430
12.1784	3	4	3	1430
12.1792	3	6	3	1454
12.1792	3	6	3	1454
12.1792	3	6	3	1454
12.1829	3	3	3	1430
12.1859	3	4	3	1430
12.1872	3	6	3	1454
12.1872	3	6	3	1454
12.1904	3	3	3	1430
12.1932	3	6	3	1454
12.1932	3	6	3	1454
12.1932	3	6	3	1454
12.1932	3	6	3	1454
12.1932	3	6	3	1454
12.1932	3	6	3	1454
12.1933	3	4	3	1430
12.1962	1	5	3	1454
12.1962	1	5	3	1454
12.1962	1	5	3	1454
12.1962	1	5	3	1454
12.1962	1	5	3	1454
12.1962	1	5	3	1454
12.1979	3	3	3	1430
12.1982	3	6	3	1454
12.1982	3	6	3	1454
12.1982	3	6	3	1454
12.1982	3	6	3	1454
12.2008	3	4	3	1430
12.2052	1	5	3	1454
12.2052	1	5	3	1454
12.2053	3	3	3	1430
12.2072	3	6	3	1454
12.2072	3	6	3	1454
12.2083	3	4	3	1430
12.2128	3	3	3	1430
12.2132	3	6	3	1454
12.2132	3	6	3	1454
12.2132	3	6	3	1454
12.2132	3	6	3	1454
12.2132	3	6	3	1454
12.2157	3	4	3	1430
12.2203	3	3	3	1430
12.2212	3	6	3	1454
12.2212	3	6	3	1454
12.2212	3	6	3	1454
12.2232	3	4	3	1430
12.2272	3	6	3	1454
12.2277	3	3	3	1430
12.2307	3	4	3	1430
12.2332	3	6	3	1454
12.2332	3	6	3	1454
12.2332	3	6	3	1454
12.2352	3	3	3	1430
12.2381	3	4	3	1430
12.2392	3	6	3	1454
12.2392	3	6	3	1454
12.2392	3	6	3	1454
12.2427	3	3	3	1430
12.2452	3	6	3	1454
12.2452	3	6	3	1454
12.2452	3	6	3	1454
12.2452	3	6	3	1454
12.2456	3	4	3	1430
12.2501	3	3	3	1430
12.2502	1	5	3	1454
12.2502	1	5	3	1454
12.2512	3	6	3	1454
12.2512	3	6	3	1454
12.2531	3	4	3	1430
12.2572	3	6	3	1454
12.2572	3	6	3	1454
12.2576	3	3	3	1430
12.2605	3	4	3	1430
12.2632	3	6	3	1454
12.2632	3	6	3	1454
12.2632	3	6	3	1454
12.2632	3	6	3	1454
12.2651	3	3	3	1430
12.268	3	4	3	1430
12.2692	3	6	3	1454
12.2692	3	6	3	1454
12.2725	3	3	3	1430
12.2752	3	6	3	1454
12.2752	3	6	3	1454
12.2755	3	4	3	1430
12.28	3	3	3	1430
12.2812	3	6	3	1454
12.2812	3	6	3	1454
12.2812	3	6	3	1454
12.2812	3	6	3	1454
12.2829	3	4	3	1430
12.2872	3	6	3	1454
12.2872	3	6	3	1454
12.2875	3	3	3	1430
12.2904	3	4	3	1430
12.2932	3	6	3	1454
12.2932	3	6	3	1454
12.2932	3	6	3	1454
12.2932	3	6	3	1454
12.2932	3	6	3	1454
12.2949	3	3	3	1430
12.2979	3	4	3	1430
12.2992	3	6	3	1454
12.2992	3	6	3	1454
12.3024	3	3	3	1430
12.3052	3	6	3	1454
12.3052	3	6	3	1454
12.3053	3	4	3	1430
12.3099	3	3	3	1430
12.3102	3	6	3	1454
12.3102	3	6	3	1454
12.3102	3	6	3	1454
12.3102	3	6	3	1454
12.3102	3	6	3	1454
12.3102	3	6	3	1454
12.3128	3	4	3	1430
12.3173	3	3	3	1430
12.3192	3	6	3	1454
12.3192	3	6	3	1454
12.3203	3	4	3	1430
12.3248	3	3	3	1430
12.3252	3	6	3	1454
12.3252	3	6	3	1454
12.3252	3	6	3	1454
12.3252	3	6	3	1454
12.3252	3	6	3	1454
12.3252	3	6	3	1454
12.3252	3	6	3	1454
12.3277	3	4	3	1430
12.3323	3	3	3	1430
12.3332	3	6	3	1454
12.3332	3	6	3	1454
12.3352	3	4	3	1430
12.3392	3	6	3	1454
12.3392	3	6	3	1454
12.3392	3	6	3	1454
12.3397	3	3	3	1430
12.3427	3	4	3	1430
12.3452	3	6	3	1454
12.3452	3	6	3	1454
12.3452	3	6	3	1454
12.3452	3	6	3	1454
12.3452	3	6	3	1454
12.3452	3	6	3	1454
12.3452	3	6	3	1454
12.3472	3	3	3	1430
12.3501	3	4	3	1430
12.3512	3	6	3	1454
12.3544	1	5	3	1454
12.3544	1	5	3	1454
12.3544	1	5	3	1454
12.3544	1	5	3	1454
12.3547	3	3	3	1430
12.3576	3	4	3	1430
12.3621	3	3	3	1430
12.3632	3	6	3	1454
12.3632	3	6	3	1454
12.3632	3	6	3	1454
12.3632	3	6	3	1454
12.3632	3	6	3	1454
12.3632	3	6	3	1454
12.3632	3	6	3	1454
12.3651	3	4	3	1430
12.3696	3	3	3	1430
12.3725	3	4	3	1430
12.3771	3	3	3	1430
12.3772	3	6	3	1454
12.3772	3	6	3	1454
12.38	3	4	3	1430
12.3832	3	6	3	1454
12.3832	3	6	3	1454
12.3832	3	6	3	1454
12.3832	3	6	3	1454
12.3832	3	6	3	1454
12.3832	3	6	3	1454
12.3845	3	3	3	1430
12.3875	3	4	3	1430
12.3902	3	6	3	1454
12.392	3	3	3	1430
12.3949	3	4	3	1430
12.3972	3	6	3	1454
12.3995	3	3	3	1430
12.4024	3	4	3	1430
12.4032	3	6	3	1454
12.4032	3	6	3	1454
12.4032	3	6	3	1454
12.4032	3	6	3	1454
12.4069	3	3	3	1430
12.4099	3	4	3	1430
12.4103	1	5	3	1454
12.4103	1	5	3	1454
12.4103	1	5	3	1454
12.4103	1	5	3	1454
12.4103	1	5	3	1454
12.4112	3	6	3	1454
12.4112	3	6	3	1454
12.4144	3	3	3	1430
12.4172	3	6	3	1454
12.4172	3	6	3	1454
12.4173	3	4	3	1430
12.4219	3	3	3	1430
12.4232	3	6	3	1454
12.4232	3	6	3	1454
12.4232	3	6	3	1454
12.4248	3	4	3	1430
12.4292	3	6	3	1454
12.4292	3	6	3	1454
12.4292	3	6	3	1454
12.4292	3	6	3	1454
12.4293	3	3	3	1430
12.4323	3	4	3	1430
12.4368	3	3	3	1430
12.4372	3	6	3	1454
12.4372	3	6	3	1454
12.4397	3	4	3	1430
12.4432	3	6	3	1454
12.4432	3	6	3	1454
12.4443	3	3	3	1430
12.4472	3	4	3	1430
12.4492	3	6	3	1454
12.4492	3	6	3	1454
12.4492	3	6	3	1454
12.4492	3	6	3	1454
12.4492	3	6	3	1454
12.4517	3	3	3	1430
12.4547	3	4	3	1430
12.4552	1	5	3	1454
12.4552	3	6	3	1454
12.4552	3	6	3	1454
12.4592	3	3	3	1430
12.4621	3	4	3	1430
12.4632	3	6	3	1454
12.4632	3	6	3	1454
12.4667	3	3	3	1430
12.4672	1	5	3	1454
12.4672	1	5	3	1454
12.4692	1	5	3	1454
12.4692	1	5	3	1454
12.4692	3	6	3	1454
12.4692	3	6	3	1454
12.4692	3	6	3	1454
12.4692	3	6	3	1454
12.4696	3	4	3	1430
12.4741	3	3	3	1430
12.4752	3	6	3	1454
12.4752	3	6	3	1454
12.4771	3	4	3	1430
12.4812	3	6	3	1454
12.4812	3	6	3	1454
12.4812	3	6	3	1454
12.4812	3	6	3	1454
12.4816	3	3	3	1430
12.4845	3	4	3	1430
12.4872	3	6	3	1454
12.4872	3	6	3	1454
12.4872	3	6	3	1454
12.4891	3	3	3	1430
12.492	3	4	3	1430
12.4932	3	6	3	1454
12.4932	3	6	3	1454
12.4965	3	3	3	1430
12.4982	1	5	3	1454
12.4982	1	5	3	1454
12.4992	3	6	3	1454
12.4992	3	6	3	1454
12.4992	3	6	3	1454
12.4992	3	6	3	1454
12.4995	3	4	3	1430
12.504	3	3	3	1430
12.5052	3	6	3	1454
12.5052	3	6	3	1454
12.5069	3	4	3	1430
12.5112	1	5	3	1454
12.5112	1	5	3	1454
12.5112	3	6	3	1454
12.5112	3	6	3	1454
12.5115	3	3	3	1430
12.5144	3	4	3	1430
12.5172	3	6	3	1454
12.5172	3	6	3	1454
12.5172	3	6	3	1454
12.5172	3	6	3	1454
12.5172	3	6	3	1454
12.5172	3	6	3	1454
12.5172	3	6	3	1454
12.5189	3	3	3	1430
12.5219	3	4	3	1430
12.5232	1	5	3	1454
12.5232	1	5	3	1454
12.5242	3	6	3	1454
12.5242	3	6	3	1454
12.5264	3	3	3	1430
12.5293	3	4	3	1430
12.5312	3	6	3	1454
12.5312	3	6	3	1454
12.5339	3	3	3	1430
12.5368	3	4	3	1430
12.5372	3	6	3	1454
12.5372	3	6	3	1454
12.5372	3	6	3	1454
12.5372	3	6	3	1454
12.5372	3	6	3	1454
12.5372	3	6	3	1454
12.5412	1	5	3	1454
12.5412	1	5	3	1454
12.5413	3	3	3	1430
12.5432	3	6	3	1454
12.5432	3	6	3	1454
12.5432	3	6	3	1454
12.5432	3	6	3	1454
12.5443	3	4	3	1430
12.5488	3	3	3	1430
12.5502	3	6	3	1454
12.5502	3	6	3	1454
12.5517	3	4	3	1430
12.5532	1	5	3	1454
12.5532	1	5	3	1454
12.5562	3	6	3	1454
12.5562	3	6	3	1454
12.5562	3	6	3	1454
12.5562	3	6	3	1454
12.5562	3	6	3	1454
12.5562	3	6	3	1454
12.5562	3	6	3	1454
12.5563	3	3	3	1430
12.5592	3	4	3	1430
12.5622	3	6	3	1454
12.5622	3	6	3	1454
12.5622	3	6	3	1454
12.5637	3	3	3	1430
12.5667	3	4	3	1430
12.5702	3	6	3	1454
12.5702	3	6	3	1454
12.5702	3	6	3	1454
12.5712	3	3	3	1430
12.5741	3	4	3	1430
12.5762	3	6	3	1454
12.5762	3	6	3	1454
12.5762	3	6	3	1454
12.5762	3	6	3	1454
12.5762	3	6	3	1454
12.5762	3	6	3	1454
12.5762	3	6	3	1454
12.5787	3	3	3	1430
12.5816	3	4	3	1430
12.5832	3	6	3	1454
12.5832	3	6	3	1454
12.5861	3	3	3	1430
12.5891	3	4	3	1430
12.5892	3	6	3	1454
12.5892	3	6	3	1454
12.5936	3	3	3	1430
12.5952	3	6	3	1454
12.5952	3	6	3	1454
12.5952	3	6	3	1454
12.5965	3	4	3	1430
12.6011	3	3	3	1430
12.6012	3	6	3	1454
12.6012	3	6	3	1454
12.6012	3	6	3	1454
12.6012	3	6	3	1454
12.6012	3	6	3	1454
12.604	3	4	3	1430
12.6085	3	3	3	1430
12.6092	3	6	3	1454
12.6092	3	6	3	1454
12.6115	3	4	3	1430
12.6152	3	6	3	1454
12.6152	3	6	3	1454
12.6152	3	6	3	1454
12.6152	3	6	3	1454
12.616	3	3	3	1430
12.6189	3	4	3	1430
12.6212	3	6	3	1454
12.6235	3	3	3	1430
12.6264	3	4	3	1430
12.6272	3	6	3	1454
12.6272	3	6	3	1454
12.6309	3	3	3	1430
12.6332	3	6	3	1454
12.6332	3	6	3	1454
12.6332	3	6	3	1454
12.6332	3	6	3	1454
12.6339	3	4	3	1430
12.6384	3	3	3	1430
12.6412	3	6	3	1454
12.6412	3	6	3	1454
12.6413	3	4	3	1430
12.6459	3	3	3	1430
12.6472	3	6	3	1454
12.6472	3	6	3	1454
12.6488	3	4	3	1430
12.6532	3	6	3	1454
12.6532	3	6	3	1454
12.6533	3	3	3	1430
12.6563	3	4	3	1430
12.6592	3	6	3	1454
12.6592	3	6	3	1454
12.6592	3	6	3	1454
12.6592	3	6	3	1454
12.6608	3	3	3	1430
12.6637	3	4	3	1430
12.6672	3	6	3	1454
12.6672	3	6	3	1454
12.6674	1	5	3	1454
12.6674	1	5	3	1454
12.6674	1	5	3	1454
12.6674	1	5	3	1454
12.6683	3	3	3	1430
12.6712	3	4	3	1430
12.6732	3	6	3	1454
12.6732	3	6	3	1454
12.6757	3	3	3	1430
12.6782	3	6	3	1454
12.6782	3	6	3	1454
12.6782	3	6	3	1454
12.6787	3	4	3	1430
12.6832	3	3	3	1430
12.6842	3	6	3	1454
12.6842	3	6	3	1454
12.6842	3	6	3	1454
12.6842	3	6	3	1454
12.6861	3	4	3	1430
12.6907	3	3	3	1430
12.6922	3	6	3	1454
12.6922	3	6	3	1454
12.6936	3	4	3	1430
12.6981	3	3	3	1430
12.6982	3	6	3	1454
12.6982	3	6	3	1454
12.7011	3	4	3	1430
12.7042	3	6	3	1454
12.7042	3	6	3	1454
12.7042	3	6	3	1454
12.7042	3	6	3	1454
12.7056	3	3	3	1430
12.7085	3	4	3	1430
12.7102	3	6	3	1454
12.7102	3	6	3	1454
12.7102	3	6	3	1454
12.7131	3	3	3	1430
12.716	3	4	3	1430
12.7172	1	5	3	1454
12.7182	3	6	3	1454
12.7182	3	6	3	1454
12.7183	1	5	3	1454
12.7183	1	5	3	1454
12.7205	3	3	3	1430
12.7212	1	5	3	1454
12.7212	1	5	3	1454
12.7232	3	6	3	1454
12.7232	3	6	3	1454
12.7232	3	6	3	1454
12.7232	3	6	3	1454
12.7235	3	4	3	1430
12.728	3	3	3	1430
12.7292	3	6	3	1454
12.7292	3	6	3	1454
12.7309	3	4	3	1430
12.7352	3	6	3	1454
12.7352	3	6	3	1454
12.7352	3	6	3	1454
12.7352	3	6	3	1454
12.7355	3	3	3	1430
12.7384	3	4	3	1430
12.7412	3	6	3	1454
12.7412	3	6	3	1454
12.7412	3	6	3	1454
12.7429	3	3	3	1430
12.7459	3	4	3	1430
12.7472	3	6	3	1454
12.7472	3	6	3	1454
12.7504	3	3	3	1430
12.7532	3	6	3	1454
12.7532	3	6	3	1454
12.7532	3	6	3	1454
12.7532	3	6	3	1454
12.7533	3	4	3	1430
12.7579	3	3	3	1430
12.7582	3	6	3	1454
12.7582	3	6	3	1454
12.7608	3	4	3	1430
12.7642	3	6	3	1454
12.7642	3	6	3	1454
12.7653	3	3	3	1430
12.7683	3	4	3	1430
12.7702	3	6	3	1454
12.7702	3	6	3	1454
12.7702	3	6	3	1454
12.7702	3	6	3	1454
12.7702	3	6	3	1454
12.7702	3	6	3	1454
12.7702	3	6	3	1454
12.7712	1	5	3	1454
12.7712	1	5	3	1454
12.7728	3	3	3	1430
12.7757	3	4	3	1430
12.7782	3	6	3	1454
12.7782	3	6	3	1454
12.7803	3	3	3	1430
12.7822	1	5	3	1454
12.7822	1	5	3	1454
12.7832	3	4	3	1430
12.7842	3	6	3	1454
12.7842	3	6	3	1454
12.7877	3	3	3	1430
12.7902	3	6	3	1454
12.7902	3	6	3	1454
12.7902	3	6	3	1454
12.7902	3	6	3	1454
12.7902	3	6	3	1454
12.7902	3	6	3	1454
12.7907	3	4	3	1430
12.7952	3	3	3	1430
12.7962	3	6	3	1454
12.7962	3	6	3	1454
12.7962	3	6	3	1454
12.7962	3	6	3	1454
12.7981	3	4	3	1430
12.8027	3	3	3	1430
12.8032	3	6	3	1454
12.8032	3	6	3	1454
12.8056	3	4	3	1430
12.8092	3	6	3	1454
12.8092	3	6	3	1454
12.8092	3	6	3	1454
12.8092	3	6	3	1454
12.8092	3	6	3	1454
12.8092	3	6	3	1454
12.8092	3	6	3	1454
12.8101	3	3	3	1430
12.8131	3	4	3	1430
12.8152	3	6	3	1454
12.8152	3	6	3	1454
12.8152	3	6	3	1454
12.8162	1	5	3	1454
12.8162	1	5	3	1454
12.8176	3	3	3	1430
12.8205	3	4	3	1430
12.8232	3	6	3	1454
12.8232	3	6	3	1454
12.8232	3	6	3	1454
12.8242	1	5	3	1454
12.8242	1	5	3	1454
12.8251	3	3	3	1430
12.828	3	4	3	1430
12.8292	3	6	3	1454
12.8292	3	6	3	1454
12.8292	3	6	3	1454
12.8292	3	6	3	1454
12.8292	3	6	3	1454
12.8292	3	6	3	1454
12.8292	3	6	3	1454
12.8325	3	3	3	1430
12.8352	3	6	3	1454
12.8352	3	6	3	1454
12.8355	3	4	3	1430
12.84	3	3	3	1430
12.8412	3	6	3	1454
12.8412	3	6	3	1454
12.8429	3	4	3	1430
12.8472	3	6	3	1454
12.8472	3	6	3	1454
12.8472	3	6	3	1454
12.8475	3	3	3	1430
12.8504	3	4	3	1430
12.8532	3	6	3	1454
12.8532	3	6	3	1454
12.8532	3	6	3	1454
12.8532	3	6	3	1454
12.8532	3	6	3	1454
12.8549	3	3	3	1430
12.8562	1	5	3	1454
12.8562	1	5	3	1454
12.8562	1	5	3	1454
12.8579	3	4	3	1430
12.8612	3	6	3	1454
12.8612	3	6	3	1454
12.8624	3	3	3	1430
12.8642	1	5	3	1454
12.8642	1	5	3	1454
12.8653	3	4	3	1430
12.8672	3	6	3	1454
12.8672	3	6	3	1454
12.8672	3	6	3	1454
12.8672	3	6	3	1454
12.8699	3	3	3	1430
12.8728	3	4	3	1430
12.8732	3	6	3	1454
12.8773	3	3	3	1430
12.8792	3	6	3	1454
12.8792	3	6	3	1454
12.8803	3	4	3	1430
12.8848	3	3	3	1430
12.8852	3	6	3	1454
12.8852	3	6	3	1454
12.8852	3	6	3	1454
12.8852	3	6	3	1454
12.8877	3	4	3	1430
12.8923	3	3	3	1430
12.8932	3	6	3	1454
12.8932	3	6	3	1454
12.8952	3	4	3	1430
12.8992	3	6	3	1454
12.8992	3	6	3	1454
12.8997	3	3	3	1430
12.9012	1	5	3	1454
12.9012	1	5	3	1454
12.9027	3	4	3	1430
12.9052	3	6	3	1454
12.9052	3	6	3	1454
12.9072	3	3	3	1430
12.9082	1	5	3	1454
12.9082	1	5	3	1454
12.9101	3	4	3	1430
12.9112	3	6	3	1454
12.9112	3	6	3	1454
12.9112	3	6	3	1454
12.9112	3	6	3	1454
12.9122	1	5	3	1454
12.9122	1	5	3	1454
12.9147	3	3	3	1430
12.9176	3	4	3	1430
12.9182	3	6	3	1454
12.9182	3	6	3	1454
12.9221	3	3	3	1430
12.9242	3	6	3	1454
12.9242	3	6	3	1454
12.9251	3	4	3	1430
12.9296	3	3	3	1430
12.9302	3	6	3	1454
12.9302	3	6	3	1454
12.9302	3	6	3	1454
12.9325	3	4	3	1430
12.9352	3	6	3	1454
12.9352	3	6	3	1454
12.9352	3	6	3	1454
12.9352	3	6	3	1454
12.9371	3	3	3	1430
12.94	3	4	3	1430
12.9442	3	6	3	1454
12.9442	3	6	3	1454
12.9445	3	3	3	1430
12.9475	3	4	3	1430
12.9502	3	6	3	1454
12.9502	3	6	3	1454
12.9502	3	6	3	1454
12.9502	3	6	3	1454
12.952	3	3	3	1430
12.9532	1	5	3	1454
12.9532	1	5	3	1454
12.9532	1	5	3	1454
12.9549	3	4	3	1430
12.9562	1	5	3	1454
12.9562	1	5	3	1454
12.9582	3	6	3	1454
12.9582	3	6	3	1454
12.9595	3	3	3	1430
12.9624	3	4	3	1430
12.9632	3	6	3	1454
12.9632	3	6	3	1454
12.9632	3	6	3	1454
12.9669	3	3	3	1430
12.9672	1	5	3	1454
12.9672	1	5	3	1454
12.9692	3	6	3	1454
12.9692	3	6	3	1454
12.9692	3	6	3	1454
12.9692	3	6	3	1454
12.9699	3	4	3	1430
12.9744	3	3	3	1430
12.9752	3	6	3	1454
12.9752	3	6	3	1454
12.9773	3	4	3	1430
12.9812	3	6	3	1454
12.9812	3	6	3	1454
12.9812	3	6	3	1454
12.9812	3	6	3	1454
12.9819	3	3	3	1430
12.9848	3	4	3	1430
12.9872	3	6	3	1454
12.9872	3	6	3	1454
12.9893	3	3	3	1430
12.9912	1	5	3	1454
12.9912	1	5	3	1454
12.9923	3	4	3	1430
12.9932	3	6	3	1454
12.9932	3	6	3	1454
12.9932	3	6	3	1454
12.9968	3	3	3	1430
12.9982	3	6	3	1454
12.9982	3	6	3	1454
12.9982	3	6	3	1454
12.9982	3	6	3	1454
12.9997	3	4	3	1430
13	1	1	3	58
13.0042	1	5	3	1454
13.0042	1	5	3	1454
13.0042	3	6	3	1454
13.0042	3	6	3	1454
13.0043	3	3	3	1430
13.0072	3	4	3	1430
13.0072	1	5	3	1454
13.0072	1	5	3	1454
13.0102	3	6	3	1454
13.0102	3	6	3	1454
13.0117	3	3	3	1430
13.0147	3	4	3	1430
13.0152	3	6	3	1454
13.0152	3	6	3	1454
13.0152	3	6	3	1454
13.0152	3	6	3	1454
13.0152	3	6	3	1454
13.0152	3	6	3	1454
13.0192	3	3	3	1430
13.0221	3	4	3	1430
13.0242	3	6	3	1454
13.0242	3	6	3	1454
13.0242	3	6	3	1454
13.0267	3	3	3	1430
13.0296	3	4	3	1430
13.0302	3	6	3	1454
13.0302	3	6	3	1454
13.0302	3	6	3	1454
13.0302	3	6	3	1454
13.0302	3	6	3	1454
13.0302	3	6	3	1454
13.0341	3	3	3	1430
13.0371	3	4	3	1430
13.0382	3	6	3	1454
13.0382	3	6	3	1454
13.0416	3	3	3	1430
13.0432	3	6	3	1454
13.0432	3	6	3	1454
13.0432	3	6	3	1454
13.0432	3	6	3	1454
13.0432	3	6	3	1454
13.0442	1	5	3	1454
13.0442	1	5	3	1454
13.0445	3	4	3	1430
13.0491	3	3	3	1430
13.0492	3	6	3	1454
13.0492	3	6	3	1454
13.0492	3	6	3	1454
13.0492	3	6	3	1454
13.0492	3	6	3	1454
13.0492	3	6	3	1454
13.052	3	4	3	1430
13.0565	3	3	3	1430
13.0595	3	4	3	1430
13.0632	3	6	3	1454
13.0632	3	6	3	1454
13.064	3	3	3	1430
13.0669	3	4	3	1430
13.0692	3	6	3	1454
13.0692	3	6	3	1454
13.0692	3	6	3	1454
13.0692	3	6	3	1454
13.0715	3	3	3	1430
13.0744	3	4	3	1430
13.0772	3	6	3	1454
13.0772	3	6	3	1454
13.0789	3	3	3	1430
13.0819	3	4	3	1430
13.0832	3	6	3	1454
13.0864	3	3	3	1430
13.0892	3	6	3	1454
13.0892	3	6	3	1454
13.0892	3	6	3	1454
13.0893	3	4	3	1430
13.0939	3	3	3	1430
13.0952	3	6	3	1454
13.0952	3	6	3	1454
13.0968	3	4	3	1430
13.1	1	2	3	58
13.1013	3	3	3	1430
13.1032	3	6	3	1454
13.1032	3	6	3	1454
13.1043	3	4	3	1430
13.1088	3	3	3	1430
13.1092	3	6	3	1454
13.1092	3	6	3	1454
13.1092	3	6	3	1454
13.1092	3	6	3	1454
13.1117	3	4	3	1430
13.1163	3	3	3	1430
13.1172	3	6	3	1454
13.1172	3	6	3	1454
13.1192	3	4	3	1430
13.1232	3	6	3	1454
13.1232	3	6	3	1454
13.1237	3	3	3	1430
13.1267	3	4	3	1430
13.1292	3	6	3	1454
13.1292	3	6	3	1454
13.1312	3	3	3	1430
13.1341	3	4	3	1430
13.1352	3	6	3	1454
13.1352	3	6	3	1454
13.1352	3	6	3	1454
13.1352	3	6	3	1454
13.1352	3	6	3	1454
13.1387	3	3	3	1430
13.1416	3	4	3	1430
13.1432	3	6	3	1454
13.1432	3	6	3	1454
13.1461	3	3	3	1430
13.1474	1	5	3	1454
13.1474	1	5	3	1454
13.1474	1	5	3	1454
13.1474	1	5	3	1454
13.1491	3	4	3	1430
13.1492	3	6	3	1454
13.1492	3	6	3	1454
13.1536	3	3	3	1430
13.1552	3	6	3	1454
13.1552	3	6	3	1454
13.1565	3	4	3	1430
13.1611	3	3	3	1430
13.1612	3	6	3	1454
13.1612	3	6	3	1454
13.1612	3	6	3	1454
13.1612	3	6	3	1454
13.164	3	4	3	1430
13.1672	3	6	3	1454
13.1672	3	6	3	1454
13.1685	3	3	3	1430
13.1715	3	4	3	1430
13.1752	3	6	3	1454
13.1752	3	6	3	1454
13.1752	3	6	3	1454
13.176	3	3	3	1430
13.1789	3	4	3	1430
13.1812	3	6	3	1454
13.1812	3	6	3	1454
13.1812	3	6	3	1454
13.1812	3	6	3	1454
13.1835	3	3	3	1430
13.1864	3	4	3	1430
13.1872	3	6	3	1454
13.1872	3	6	3	1454
13.1909	3	3	3	1430
13.1932	3	6	3	1454
13.1932	3	6	3	1454
13.1932	3	6	3	1454
13.1932	3	6	3	1454
13.1939	3	4	3	1430
13.1972	1	5	3	1454
13.1984	3	3	3	1430
13.1992	3	6	3	1454
13.1992	3	6	3	1454
13.2	3	1	3	58
13.2002	1	5	3	1454
13.2013	3	4	3	1430
13.2052	3	6	3	1454
13.2052	3	6	3	1454
13.2052	3	6	3	1454
13.2059	3	3	3	1430
13.2088	3	4	3	1430
13.2112	3	6	3	1454
13.2112	3	6	3	1454
13.2112	3	6	3	1454
13.2112	3	6	3	1454
13.2133	3	3	3	1430
13.2163	3	4	3	1430
13.2172	3	6	3	1454
13.2172	3	6	3	1454
13.2208	3	3	3	1430
13.2222	3	6	3	1454
13.2222	3	6	3	1454
13.2237	3	4	3	1430
13.2272	3	6	3	1454
13.2272	3	6	3	1454
13.2272	3	6	3	1454
13.2272	3	6	3	1454
13.2272	3	6	3	1454
13.2272	3	6	3	1454
13.2283	3	3	3	1430
13.2312	3	4	3	1430
13.2357	3	3	3	1430
13.2362	3	6	3	1454
13.2362	3	6	3	1454
13.2362	3	6	3	1454
13.2387	3	4	3	1430
13.2422	3	6	3	1454
13.2422	3	6	3	1454
13.2422	3	6	3	1454
13.2422	3	6	3	1454
13.2422	3	6	3	1454
13.2422	3	6	3	1454
13.2432	3	3	3	1430
13.2461	3	4	3	1430
13.2502	3	6	3	1454
13.2502	3	6	3	1454
13.2507	3	3	3	1430
13.2536	3	4	3	1430
13.2552	3	6	3	1454
13.2552	3	6	3	1454
13.2552	3	6	3	1454
13.2552	3	6	3	1454
13.2552	3	6	3	1454
13.2581	3	3	3	1430
13.2611	3	4	3	1430
13.2612	3	6	3	1454
13.2612	3	6	3	1454
13.2612	3	6	3	1454
13.2612	3	6	3	1454
13.2612	3	6	3	1454
13.2612	3	6	3	1454
13.2656	3	3	3	1430
13.2685	3	4	3	1430
13.2731	3	3	3	1430
13.2752	3	6	3	1454
13.2752	3	6	3	1454
13.276	3	4	3	1430
13.2805	3	3	3	1430
13.2812	3	6	3	1454
13.2812	3	6	3	1454
13.2812	3	6	3	1454
13.2812	3	6	3	1454
13.2835	3	4	3	1430
13.288	3	3	3	1430
13.2892	3	6	3	1454
13.2892	3	6	3	1454
13.2909	3	4	3	1430
13.2952	3	6	3	1454
13.2955	3	3	3	1430
13.2984	3	4	3	1430
13.3	3	2	3	58
13.3012	3	6	3	1454
13.3012	3	6	3	1454
13.3012	3	6	3	1454
13.3013	1	5	3	1454
13.3013	1	5	3	1454
13.3029	3	3	3	1430
13.3059	3	4	3	1430
13.3072	3	6	3	1454
13.3072	3	6	3	1454
13.3104	3	3	3	1430
13.3133	3	4	3	1430
13.3152	3	6	3	1454
13.3152	3	6	3	1454
13.3179	3	3	3	1430
13.3208	3	4	3	1430
13.3212	3	6	3	1454
13.3212	3	6	3	1454
13.3212	3	6	3	1454
13.3212	3	6	3	1454
13.3253	3	3	3	1430
13.3283	3	4	3	1430
13.3292	3	6	3	1454
13.3292	3	6	3	1454
13.3328	3	3	3	1430
13.3352	3	6	3	1454
13.3352	3	6	3	1454
13.3357	3	4	3	1430
13.3403	3	3	3	1430
13.3412	3	6	3	1454
13.3412	3	6	3	1454
13.3432	3	4	3	1430
13.3472	1	5	3	1454
13.3472	3	6	3	1454
13.3472	3	6	3	1454
13.3472	3	6	3	1454
13.3472	3	6	3	1454
13.3472	3	6	3	1454
13.3477	3	3	3	1430
13.3507	3	4	3	1430
13.3532	1	5	3	1454
13.3552	3	3	3	1430
13.3552	3	6	3	1454
13.3552	3	6	3	1454
13.3581	3	4	3	1430
13.3612	3	6	3	1454
13.3612	3	6	3	1454
13.3627	3	3	3	1430
13.3656	3	4	3	1430
13.3672	3	6	3	1454
13.3672	3	6	3	1454
13.3701	3	3	3	1430
13.3731	3	4	3	1430
13.3732	3	6	3	1454
13.3732	3	6	3	1454
13.3732	3	6	3	1454
13.3732	3	6	3	1454
13.3776	3	3	3	1430
13.3792	3	6	3	1454
13.3792	3	6	3	1454
13.3805	3	4	3	1430
13.3851	3	3	3	1430
13.3872	3	6	3	1454
13.3872	3	6	3	1454
13.3872	3	6	3	1454
13.388	3	4	3	1430
13.3925	3	3	3	1430
13.3932	3	6	3	1454
13.3932	3	6	3	1454
13.3932	3	6	3	1454
13.3932	3	6	3	1454
13.3942	1	5	3	1454
13.3952	1	5	3	1454
13.3955	3	4	3	1430
13.3982	3	6	3	1454
13.3982	3	6	3	1454
13.4	1	3	3	58
13.4	3	3	3	1430
13.4029	3	4	3	1430
13.4042	3	6	3	1454
13.4042	3	6	3	1454
13.4042	3	6	3	1454
13.4042	3	6	3	1454
13.4075	3	3	3	1430
13.4102	3	6	3	1454
13.4102	3	6	3	1454
13.4104	3	4	3	1430
13.4149	3	3	3	1430
13.4152	3	6	3	1454
13.4152	3	6	3	1454
13.4152	3	6	3	1454
13.4179	3	4	3	1430
13.4212	3	6	3	1454
13.4212	3	6	3	1454
13.4212	3	6	3	1454
13.4212	3	6	3	1454
13.4224	3	3	3	1430
13.4253	3	4	3	1430
13.4272	3	6	3	1454
13.4272	3	6	3	1454
13.4299	3	3	3	1430
13.4328	3	4	3	1430
13.4332	3	6	3	1454
13.4332	3	6	3	1454
13.4373	3	3	3	1430
13.4392	3	6	3	1454
13.4392	3	6	3	1454
13.4392	3	6	3	1454
13.4392	3	6	3	1454
13.4392	3	6	3	1454
13.4392	3	6	3	1454
13.4403	3	4	3	1430
13.4448	3	3	3	1430
13.4452	1	5	3	1454
13.4472	3	6	3	1454
13.4472	3	6	3	1454
13.4472	3	6	3	1454
13.4477	3	4	3	1430
13.4523	3	3	3	1430
13.4532	3	6	3	1454
13.4532	3	6	3	1454
13.4552	3	4	3	1430
13.4592	3	6	3	1454
13.4592	3	6	3	1454
13.4592	3	6	3	1454
13.4592	3	6	3	1454
13.4592	3	6	3	1454
13.4592	3	6	3	1454
13.4597	3	3	3	1430
13.4627	3	4	3	1430
13.4652	3	6	3	1454
13.4652	3	6	3	1454
13.4652	3	6	3	1454
13.4652	3	6	3	1454
13.4672	3	3	3	1430
13.4701	3	4	3	1430
13.4732	3	6	3	1454
13.4732	3	6	3	1454
13.4747	3	3	3	1430
13.4776	3	4	3	1430
13.4782	3	6	3	1454
13.4782	3	6	3	1454
13.4782	3	6	3	1454
13.4782	3	6	3	1454
13.4782	3	6	3	1454
13.4782	3	6	3	1454
13.4782	3	6	3	1454
13.4821	3	3	3	1430
13.4842	3	6	3	1454
13.4842	3	6	3	1454
13.4842	3	6	3	1454
13.4851	3	4	3	1430
13.4896	3	3	3	1430
13.4922	3	6	3	1454
13.4922	3	6	3	1454
13.4922	3	6	3	1454
13.4925	3	4	3	1430
13.4971	3	3	3	1430
13.4982	3	6	3	1454
13.4982	3	6	3	1454
13.4982	3	6	3	1454
13.4982	3	6	3	1454
13.4982	3	6	3	1454
13.4982	3	6	3	1454
13.4982	3	6	3	1454
13.5	1	4	3	58
13.5	3	4	3	1430
13.5042	3	6	3	1454
13.5042	3	6	3	1454
13.5045	3	3	3	1430
13.5075	3	4	3	1430
13.5102	3	6	3	1454
13.5102	3	6	3	1454
13.512	3	3	3	1430
13.5149	3	4	3	1430
13.5162	3	6	3	1454
13.5162	3	6	3	1454
13.5162	3	6	3	1454
13.5195	3	3	3	1430
13.5222	3	6	3	1454
13.5222	3	6	3	1454
13.5222	3	6	3	1454
13.5222	3	6	3	1454
13.5222	3	6	3	1454
13.5224	3	4	3	1430
13.5269	3	3	3	1430
13.5299	3	4	3	1430
13.5302	3	6	3	1454
13.5302	3	6	3	1454
13.5344	3	3	3	1430
13.5362	3	6	3	1454
13.5362	3	6	3	1454
13.5362	3	6	3	1454
13.5362	3	6	3	1454
13.5373	3	4	3	1430
13.5412	1	5	3	1454
13.5419	3	3	3	1430
13.5432	3	6	3	1454
13.5448	3	4	3	1430
13.5492	3	6	3	1454
13.5492	3	6	3	1454
13.5493	3	3	3	1430
13.5523	3	4	3	1430
13.5552	3	6	3	1454
13.5552	3	6	3	1454
13.5552	3	6	3	1454
13.5552	3	6	3	1454
13.5568	3	3	3	1430
13.5597	3	4	3	1430
13.5632	3	6	3	1454
13.5632	3	6	3	1454
13.5643	3	3	3	1430
13.5672	3	4	3	1430
13.5692	3	6	3	1454
13.5692	3	6	3	1454
13.5717	3	3	3	1430
13.5747	3	4	3	1430
13.5752	3	6	3	1454
13.5752	3	6	3	1454
13.5792	3	3	3	1430
13.5812	3	6	3	1454
13.5812	3	6	3	1454
13.5812	3	6	3	1454
13.5812	3	6	3	1454
13.5821	3	4	3	1430
13.5867	3	3	3	1430
13.5892	3	6	3	1454
13.5892	3	6	3	1454
13.5896	3	4	3	1430
13.5912	1	5	3	1454
13.5941	3	3	3	1430
13.5952	3	6	3	1454
13.5952	3	6	3	1454
13.5971	3	4	3	1430
13.6012	3	6	3	1454
13.6012	3	6	3	1454
13.6012	3	6	3	1454
13.6016	3	3	3	1430
13.6045	3	4	3	1430
13.6072	3	6	3	1454
13.6072	3	6	3	1454
13.6072	3	6	3	1454
13.6072	3	6	3	1454
13.6091	3	3	3	1430
13.612	3	4	3	1430
13.6152	3	6	3	1454
13.6152	3	6	3	1454
13.6165	3	3	3	1430
13.6195	3	4	3	1430
13.6212	3	6	3	1454
13.6212	3	6	3	1454
13.624	3	3	3	1430
13.6269	3	4	3	1430
13.6272	3	6	3	1454
13.6272	3	6	3	1454
13.6272	3	6	3	1454
13.6272	3	6	3	1454
13.6315	3	3	3	1430
13.6332	3	6	3	1454
13.6332	3	6	3	1454
13.6332	3	6	3	1454
13.6344	3	4	3	1430
13.6389	3	3	3	1430
13.6412	3	6	3	1454
13.6412	3	6	3	1454
13.6419	3	4	3	1430
13.6464	3	3	3	1430
13.6472	1	5	3	1454
13.6472	1	5	3	1454
13.6472	3	6	3	1454
13.6472	3	6	3	1454
13.6472	3	6	3	1454
13.6472	3	6	3	1454
13.6493	3	4	3	1430
13.6532	3	6	3	1454
13.6532	3	6	3	1454
13.6539	3	3	3	1430
13.6568	3	4	3	1430
13.6592	3	6	3	1454
13.6592	3	6	3	1454
13.6592	3	6	3	1454
13.6592	3	6	3	1454
13.6613	3	3	3	1430
13.6643	3	4	3	1430
13.6652	3	6	3	1454
13.6652	3	6	3	1454
13.6652	3	6	3	1454
13.6688	3	3	3	1430
13.6702	3	6	3	1454
13.6702	3	6	3	1454
13.6717	3	4	3	1430
13.6762	3	6	3	1454
13.6762	3	6	3	1454
13.6762	3	6	3	1454
13.6762	3	6	3	1454
13.6763	3	3	3	1430
13.6792	3	4	3	1430
13.6822	3	6	3	1454
13.6822	3	6	3	1454
13.6837	3	3	3	1430
13.6867	3	4	3	1430
13.6882	3	6	3	1454
13.6882	3	6	3	1454
13.6912	3	3	3	1430
13.6941	3	4	3	1430
13.6942	3	6	3	1454
13.6942	3	6	3	1454
13.6942	3	6	3	1454
13.6942	3	6	3	1454
13.6942	3	6	3	1454
13.6942	3	6	3	1454
13.6942	3	6	3	1454
13.6982	1	5	3	1454
13.6987	3	3	3	1430
13.7016	3	4	3	1430
13.7032	3	6	3	1454
13.7032	3	6	3	1454
13.7061	3	3	3	1430
13.7091	3	4	3	1430
13.7092	3	6	3	1454
13.7092	3	6	3	1454
13.7092	3	6	3	1454
13.7092	3	6	3	1454
13.7092	3	6	3	1454
13.7092	3	6	3	1454
13.7136	3	3	3	1430
13.7165	3	4	3	1430
13.7172	3	6	3	1454
13.7172	3	6	3	1454
13.7211	3	3	3	1430
13.7232	3	6	3	1454
13.724	3	4	3	1430
13.7285	3	3	3	1430
13.7292	3	6	3	1454
13.7292	3	6	3	1454
13.7292	3	6	3	1454
13.7292	3	6	3	1454
13.7292	3	6	3	1454
13.7292	3	6	3	1454
13.7315	3	4	3	1430
13.736	3	3	3	1430
13.7372	3	6	3	1454
13.7389	3	4	3	1430
13.7432	3	6	3	1454
13.7432	3	6	3	1454
13.7435	3	3	3	1430
13.7464	3	4	3	1430
13.7492	3	6	3	1454
13.7492	3	6	3	1454
13.7492	3	6	3	1454
13.7492	3	6	3	1454
13.7492	3	6	3	1454
13.7492	3	6	3	1454
13.7509	3	3	3	1430
13.7532	1	5	3	1454
13.7539	3	4	3	1430
13.7572	3	6	3	1454
13.7572	3	6	3	1454
13.7584	3	3	3	1430
13.7613	3	4	3	1430
13.7632	3	6	3	1454
13.7632	3	6	3	1454
13.7659	3	3	3	1430
13.7688	3	4	3	1430
13.7692	3	6	3	1454
13.7692	3	6	3	1454
13.7692	3	6	3	1454
13.7692	3	6	3	1454
13.7692	3	6	3	1454
13.7692	3	6	3	1454
13.7733	3	3	3	1430
13.7763	3	4	3	1430
13.7772	3	6	3	1454
13.7772	3	6	3	1454
13.7808	3	3	3	1430
13.7832	3	6	3	1454
13.7832	3	6	3	1454
13.7832	3	6	3	1454
13.7837	3	4	3	1430
13.7883	3	3	3	1430
13.7892	3	6	3	1454
13.7892	3	6	3	1454
13.7892	3	6	3	1454
13.7892	3	6	3	1454
13.7892	3	6	3	1454
13.7892	3	6	3	1454
13.7912	3	4	3	1430
13.7957	3	3	3	1430
13.7972	3	6	3	1454
13.7972	3	6	3	1454
13.7987	3	4	3	1430
13.8032	3	3	3	1430
13.8032	1	5	3	1454
13.8032	3	6	3	1454
13.8032	3	6	3	1454
13.8061	3	4	3	1430
13.8092	3	6	3	1454
13.8092	3	6	3	1454
13.8092	3	6	3	1454
13.8092	3	6	3	1454
13.8092	3	6	3	1454
13.8092	3	6	3	1454
13.8092	3	6	3	1454
13.8107	3	3	3	1430
13.8136	3	4	3	1430
13.8172	3	6	3	1454
13.8172	3	6	3	1454
13.8181	3	3	3	1430
13.8211	3	4	3	1430
13.8232	3	6	3	1454
13.8232	3	6	3	1454
13.8256	3	3	3	1430
13.8285	3	4	3	1430
13.8292	3	6	3	1454
13.8292	3	6	3	1454
13.8292	3	6	3	1454
13.8292	3	6	3	1454
13.8292	3	6	3	1454
13.8292	3	6	3	1454
13.8331	3	3	3	1430
13.8352	3	6	3	1454
13.8352	3	6	3	1454
13.8352	3	6	3	1454
13.8352	3	6	3	1454
13.836	3	4	3	1430
13.8405	3	3	3	1430
13.8432	3	6	3	1454
13.8432	3	6	3	1454
13.8435	3	4	3	1430
13.848	3	3	3	1430
13.8492	3	6	3	1454
13.8492	3	6	3	1454
13.8492	3	6	3	1454
13.8492	3	6	3	1454
13.8492	3	6	3	1454
13.8492	3	6	3	1454
13.8492	3	6	3	1454
13.8509	3	4	3	1430
13.8542	1	5	3	1454
13.8552	3	6	3	1454
13.8552	3	6	3	1454
13.8552	3	6	3	1454
13.8555	3	3	3	1430
13.8584	3	4	3	1430
13.8629	3	3	3	1430
13.8632	3	6	3	1454
13.8632	3	6	3	1454
13.8632	3	6	3	1454
13.8659	3	4	3	1430
13.8692	3	6	3	1454
13.8692	3	6	3	1454
13.8692	3	6	3	1454
13.8692	3	6	3	1454
13.8692	3	6	3	1454
13.8692	3	6	3	1454
13.8692	3	6	3	1454
13.8704	3	3	3	1430
13.8733	3	4	3	1430
13.8752	3	6	3	1454
13.8752	3	6	3	1454
13.8779	3	3	3	1430
13.8808	3	4	3	1430
13.8812	3	6	3	1454
13.8812	3	6	3	1454
13.8853	3	3	3	1430
13.8872	3	6	3	1454
13.8872	3	6	3	1454
13.8872	3	6	3	1454
13.8883	3	4	3	1430
13.8928	3	3	3	1430
13.8932	3	6	3	1454
13.8932	3	6	3	1454
13.8932	3	6	3	1454
13.8932	3	6	3	1454
13.8932	3	6	3	1454
13.8957	3	4	3	1430
13.9003	3	3	3	1430
13.9012	3	6	3	1454
13.9012	3	6	3	1454
13.9032	3	4	3	1430
13.9072	3	6	3	1454
13.9072	3	6	3	1454
13.9072	3	6	3	1454
13.9072	3	6	3	1454
13.9077	3	3	3	1430
13.9092	1	5	3	1454
13.9107	3	4	3	1430
13.9132	3	6	3	1454
13.9152	3	3	3	1430
13.9181	3	4	3	1430
13.9192	3	6	3	1454
13.9192	3	6	3	1454
13.9227	3	3	3	1430
13.9252	3	6	3	1454
13.9252	3	6	3	1454
13.9252	3	6	3	1454
13.9252	3	6	3	1454
13.9256	3	4	3	1430
13.9301	3	3	3	1430
13.9331	3	4	3	1430
13.9332	3	6	3	1454
13.9332	3	6	3	1454
13.9376	3	3	3	1430
13.9392	3	6	3	1454
13.9392	3	6	3	1454
13.9405	3	4	3	1430
13.9451	3	3	3	1430
13.9452	3	6	3	1454
13.9452	3	6	3	1454
13.948	3	4	3	1430
13.9512	3	6	3	1454
13.9512	3	6	3	1454
13.9512	3	6	3	1454
13.9512	3	6	3	1454
13.9525	3	3	3	1430
13.9555	3	4	3	1430
13.9582	3	6	3	1454
13.9582	3	6	3	1454
13.9592	1	5	3	1454
13.96	3	3	3	1430
13.9629	3	4	3	1430
13.9642	3	6	3	1454
13.9642	3	6	3	1454
13.9675	3	3	3	1430
13.9702	3	6	3	1454
13.9702	3	6	3	1454
13.9702	3	6	3	1454
13.9704	3	4	3	1430
13.9749	3	3	3	1430
13.9752	3	6	3	1454
13.9752	3	6	3	1454
13.9752	3	6	3	1454
13.9752	3	6	3	1454
13.9779	3	4	3	1430
13.9824	3	3	3	1430
13.9842	3	6	3	1454
13.9842	3	6	3	1454
13.9853	3	4	3	1430
13.9899	3	3	3	1430
13.9902	3	6	3	1454
13.9902	3	6	3	1454
13.9902	3	6	3	1454
13.9902	3	6	3	1454
13.9928	3	4	3	1430
13.9973	3	3	3	1430
13.9982	3	6	3	1454
13.9982	3	6	3	1454
14	3	5	3	58
14	1	6	3	58
14.0003	3	4	3	1430
14.0032	3	6	3	1454
14.0032	3	6	3	1454
14.0032	3	6	3	1454
14.0048	3	3	3	1430
14.0077	3	4	3	1430
14.0092	3	6	3	1454
14.0092	3	6	3	1454
14.0092	3	6	3	1454
14.0092	3	6	3	1454
14.0102	1	5	3	1454
14.0123	3	3	3	1430
14.0152	3	4	3	1430
14.0152	3	6	3	1454
14.0152	3	6	3	1454
14.0197	3	3	3	1430
14.0212	3	6	3	1454
14.0212	3	6	3	1454
14.0212	3	6	3	1454
14.0212	3	6	3	1454
14.0227	3	4	3	1430
14.0272	3	3	3	1430
14.0272	3	6	3	1454
14.0272	3	6	3	1454
14.0301	3	4	3	1430
14.0332	3	6	3	1454
14.0332	3	6	3	1454
14.0332	3	6	3	1454
14.0347	3	3	3	1430
14.0376	3	4	3	1430
14.0382	3	6	3	1454
14.0382	3	6	3	1454
14.0382	3	6	3	1454
14.0382	3	6	3	1454
14.0421	3	3	3	1430
14.0442	1	5	3	1454
14.0442	3	6	3	1454
14.0442	3	6	3	1454
14.0451	3	4	3	1430
14.0496	3	3	3	1430
14.0502	3	6	3	1454
14.0502	3	6	3	1454
14.0525	3	4	3	1430
14.0552	3	6	3	1454
14.0552	3	6	3	1454
14.0552	3	6	3	1454
14.0552	3	6	3	1454
14.0552	3	6	3	1454
14.0552	3	6	3	1454
14.0571	3	3	3	1430
14.06	3	4	3	1430
14.0642	3	6	3	1454
14.0642	3	6	3	1454
14.0642	3	6	3	1454
14.0645	3	3	3	1430
14.0675	3	4	3	1430
14.0702	3	6	3	1454
14.0702	3	6	3	1454
14.0702	3	6	3	1454
14.0702	3	6	3	1454
14.0702	3	6	3	1454
14.0702	3	6	3	1454
14.072	3	3	3	1430
14.0749	3	4	3	1430
14.0782	3	6	3	1454
14.0782	3	6	3	1454
14.0795	3	3	3	1430
14.0824	3	4	3	1430
14.0832	3	6	3	1454
14.0832	3	6	3	1454
14.0832	3	6	3	1454
14.0832	3	6	3	1454
14.0832	3	6	3	1454
14.0869	3	3	3	1430
14.0892	3	6	3	1454
14.0892	3	6	3	1454
14.0892	3	6	3	1454
14.0892	3	6	3	1454
14.0892	3	6	3	1454
14.0892	3	6	3	1454
14.0899	3	4	3	1430
14.0944	3	3	3	1430
14.0952	1	5	3	1454
14.0952	1	5	3	1454
14.0973	3	4	3	1430
14.1	1	7	3	58
14.1019	3	3	3	1430
14.1032	3	6	3	1454
14.1032	3	6	3	1454
14.1048	3	4	3	1430
14.1092	3	6	3	1454
14.1092	3	6	3	1454
14.1092	3	6	3	1454
14.1092	3	6	3	1454
14.1093	3	3	3	1430
14.1123	3	4	3	1430
14.1168	3	3	3	1430
14.1172	3	6	3	1454
14.1172	3	6	3	1454
14.1197	3	4	3	1430
14.1232	3	6	3	1454
14.1243	3	3	3	1430
14.1272	3	4	3	1430
14.1292	3	6	3	1454
14.1292	3	6	3	1454
14.1292	3	6	3	1454
14.1317	3	3	3	1430
14.1347	3	4	3	1430
14.1352	3	6	3	1454
14.1352	3	6	3	1454
14.1392	3	3	3	1430
14.1402	1	5	3	1454
14.1421	3	4	3	1430
14.1432	3	6	3	1454
14.1432	3	6	3	1454
14.1467	3	3	3	1430
14.1492	3	6	3	1454
14.1492	3	6	3	1454
14.1492	3	6	3	1454
14.1492	3	6	3	1454
14.1496	3	4	3	1430
14.1541	3	3	3	1430
14.1571	3	4	3	1430
14.1572	3	6	3	1454
14.1572	3	6	3	1454
14.1616	3	3	3	1430
14.1632	3	6	3	1454
14.1632	3	6	3	1454
14.1645	3	4	3	1430
14.1691	3	3	3	1430
14.1692	3	6	3	1454
14.1692	3	6	3	1454
14.172	3	4	3	1430
14.1752	3	6	3	1454
14.1752	3	6	3	1454
14.1752	3	6	3	1454
14.1752	3	6	3	1454
14.1752	3	6	3	1454
14.1765	3	3	3	1430
14.1795	3	4	3	1430
14.1832	3	6	3	1454
14.1832	3	6	3	1454
14.184	3	3	3	1430
14.1869	3	4	3	1430
14.1892	3	6	3	1454
14.1892	3	6	3	1454
14.1915	3	3	3	1430
14.1942	1	5	3	1454
14.1942	1	5	3	1454
14.1942	1	5	3	1454
14.1944	3	4	3	1430
14.1952	3	6	3	1454
14.1952	3	6	3	1454
14.1989	3	3	3	1430
14.2	1	8	3	58
14.2012	3	6	3	1454
14.2012	3	6	3	1454
14.2012	3	6	3	1454
14.2012	3	6	3	1454
14.2019	3	4	3	1430
14.2064	3	3	3	1430
14.2072	3	6	3	1454
14.2072	3	6	3	1454
14.2093	3	4	3	1430
14.2139	3	3	3	1430
14.2152	3	6	3	1454
14.2152	3	6	3	1454
14.2152	3	6	3	1454
14.2168	3	4	3	1430
14.2212	3	6	3	1454
14.2212	3	6	3	1454
14.2212	3	6	3	1454
14.2212	3	6	3	1454
14.2213	3	3	3	1430
14.2243	3	4	3	1430
14.2272	3	6	3	1454
14.2272	3	6	3	1454
14.2288	3	3	3	1430
14.2317	3	4	3	1430
14.2332	3	6	3	1454
14.2332	3	6	3	1454
14.2332	3	6	3	1454
14.2332	3	6	3	1454
14.2363	3	3	3	1430
14.2392	3	4	3	1430
14.2392	3	6	3	1454
14.2392	3	6	3	1454
14.2437	3	3	3	1430
14.2452	3	6	3	1454
14.2452	3	6	3	1454
14.2452	3	6	3	1454
14.2467	3	4	3	1430
14.2482	1	5	3	1454
14.2482	1	5	3	1454
14.2512	3	3	3	1430
14.2512	3	6	3	1454
14.2512	3	6	3	1454
14.2512	3	6	3	1454
14.2512	3	6	3	1454
14.2541	3	4	3	1430
14.2572	3	6	3	1454
14.2572	3	6	3	1454
14.2587	3	3	3	1430
14.2616	3	4	3	1430
14.2632	3	6	3	1454
14.2632	3	6	3	1454
14.2661	3	3	3	1430
14.2691	3	4	3	1430
14.2692	3	6	3	1454
14.2692	3	6	3	1454
14.2692	3	6	3	1454
14.2692	3	6	3	1454
14.2692	3	6	3	1454
14.2692	3	6	3	1454
14.2736	3	3	3	1430
14.2765	3	4	3	1430
14.2772	3	6	3	1454
14.2772	3	6	3	1454
14.2772	3	6	3	1454
14.2811	3	3	3	1430
14.2832	3	6	3	1454
14.2832	3	6	3	1454
14.284	3	4	3	1430
14.2885	3	3	3	1430
14.2892	3	6	3	1454
14.2892	3	6	3	1454
14.2892	3	6	3	1454
14.2892	3	6	3	1454
14.2892	3	6	3	1454
14.2892	3	6	3	1454
14.2915	3	4	3	1430
14.2952	3	6	3	1454
14.2952	3	6	3	1454
14.2952	3	6	3	1454
14.2952	3	6	3	1454
14.296	3	3	3	1430
14.2982	1	5	3	1454
14.2982	1	5	3	1454
14.2989	3	4	3	1430
14.3032	3	6	3	1454
14.3032	3	6	3	1454
14.3035	3	3	3	1430
14.3064	3	4	3	1430
14.3092	3	6	3	1454
14.3092	3	6	3	1454
14.3092	3	6	3	1454
14.3092	3	6	3	1454
14.3092	3	6	3	1454
14.3092	3	6	3	1454
14.3092	3	6	3	1454
14.3109	3	3	3	1430
14.3139	3	4	3	1430
14.3152	3	6	3	1454
14.3152	3	6	3	1454
14.3152	3	6	3	1454
14.3184	3	3	3	1430
14.3213	3	4	3	1430
14.3232	3	6	3	1454
14.3232	3	6	3	1454
14.3232	3	6	3	1454
14.3259	3	3	3	1430
14.3288	3	4	3	1430
14.3292	3	6	3	1454
14.3292	3	6	3	1454
14.3292	3	6	3	1454
14.3292	3	6	3	1454
14.3292	3	6	3	1454
14.3292	3	6	3	1454
14.3292	3	6	3	1454
14.3333	3	3	3	1430
14.3352	3	6	3	1454
14.3352	3	6	3	1454
14.3363	3	4	3	1430
14.3408	3	3	3	1430
14.3412	3	6	3	1454
14.3412	3	6	3	1454
14.3437	3	4	3	1430
14.3472	3	6	3	1454
14.3472	3	6	3	1454
14.3472	3	6	3	1454
14.3483	3	3	3	1430
14.3512	3	4	3	1430
14.3532	3	6	3	1454
14.3532	3	6	3	1454
14.3532	3	6	3	1454
14.3532	3	6	3	1454
14.3532	3	6	3	1454
14.3557	3	3	3	1430
14.3587	3	4	3	1430
14.3612	3	6	3	1454
14.3612	3	6	3	1454
14.3632	3	3	3	1430
14.3661	3	4	3	1430
14.3672	3	6	3	1454
14.3672	3	6	3	1454
14.3672	3	6	3	1454
14.3672	3	6	3	1454
14.3707	3	3	3	1430
14.3732	3	6	3	1454
14.3736	3	4	3	1430
14.3781	3	3	3	1430
14.3792	3	6	3	1454
14.3792	3	6	3	1454
14.3792	3	6	3	1454
14.3811	3	4	3	1430
14.3852	3	6	3	1454
14.3852	3	6	3	1454
14.3852	3	6	3	1454
14.3852	3	6	3	1454
14.3856	3	3	3	1430
14.3885	3	4	3	1430
14.3931	3	3	3	1430
14.3932	3	6	3	1454
14.3932	3	6	3	1454
14.396	3	4	3	1430
14.3992	3	6	3	1454
14.3992	3	6	3	1454
14.4	3	7	3	58
14.4005	3	3	3	1430
14.4035	3	4	3	1430
14.4052	3	6	3	1454
14.4052	3	6	3	1454
14.4052	3	6	3	1454
14.4052	3	6	3	1454
14.408	3	3	3	1430
14.4109	3	4	3	1430
14.4112	3	6	3	1454
14.4112	3	6	3	1454
14.4155	3	3	3	1430
14.4184	3	4	3	1430
14.4192	3	6	3	1454
14.4192	3	6	3	1454
14.4229	3	3	3	1430
14.4252	3	6	3	1454
14.4252	3	6	3	1454
14.4252	3	6	3	1454
14.4252	3	6	3	1454
14.4259	3	4	3	1430
14.4304	3	3	3	1430
14.4312	3	6	3	1454
14.4312	3	6	3	1454
14.4333	3	4	3	1430
14.4373	1	5	3	1454
14.4373	1	5	3	1454
14.4379	3	3	3	1430
14.4382	3	6	3	1454
14.4382	3	6	3	1454
14.4408	3	4	3	1430
14.4442	3	6	3	1454
14.4442	3	6	3	1454
14.4442	3	6	3	1454
14.4442	3	6	3	1454
14.4453	3	3	3	1430
14.4483	3	4	3	1430
14.4502	3	6	3	1454
14.4502	3	6	3	1454
14.4528	3	3	3	1430
14.4557	3	4	3	1430
14.4582	3	6	3	1454
14.4582	3	6	3	1454
14.4603	3	3	3	1430
14.4632	3	4	3	1430
14.4642	3	6	3	1454
14.4642	3	6	3	1454
14.4642	3	6	3	1454
14.4642	3	6	3	1406
14.4677	3	3	3	1430
14.4707	3	4	3	1430
14.4752	3	3	3	1430
14.4781	3	4	3	1430
14.4827	3	3	3	1430
14.4832	3	6	3	54
14.4856	3	4	3	1430
14.4901	3	3	3	1430
14.4931	3	4	3	1430
14.4942	1	5	3	1454
14.4976	3	3	3	1430
14.5005	3	4	3	1430
14.5051	3	3	3	1430
14.508	3	4	3	1430
14.5125	3	3	3	1430
14.5155	3	4	3	1430
14.52	3	3	3	1430
14.5229	3	4	3	1430
14.5275	3	3	3	1430
14.5304	3	4	3	1430
14.5349	3	3	3	1430
14.5379	3	4	3	1430
14.5424	3	3	3	1430
14.5453	3	4	3	1430
14.5499	3	3	3	1430
14.5528	3	4	3	1430
14.5573	3	3	3	1430
14.5603	3	4	3	1430
14.5648	3	3	3	1430
14.5677	3	4	3	1430
14.5723	3	3	3	1430
14.5752	3	4	3	1430
14.5797	3	3	3	1430
14.5827	3	4	3	1430
14.5872	3	3	3	1430
14.5901	3	4	3	1430
14.5947	3	3	3	1430
14.5976	3	4	3	1430
14.6021	3	3	3	1430
14.6051	3	4	3	1430
14.6096	3	3	3	1430
14.6125	3	4	3	1430
14.6171	3	3	3	1430
14.62	3	4	3	1430
14.6245	3	3	3	1430
14.6275	3	4	3	1430
14.632	3	3	3	1430
14.6332	1	5	3	1454
14.6349	3	4	3	1430
14.6395	3	3	3	1430
14.6424	3	4	3	1430
14.6469	3	3	3	1430
14.6499	3	4	3	1430
14.6544	3	3	3	1430
14.6573	3	4	3	1430
14.6619	3	3	3	1430
14.6648	3	4	3	1430
14.6693	3	3	3	1430
14.6723	3	4	3	1430
14.6768	3	3	3	1430
14.6792	1	5	3	1454
14.6797	3	4	3	1430
14.6843	3	3	3	1430
14.6872	3	4	3	1430
14.6917	3	3	3	1430
14.6947	3	4	3	1430
14.6992	3	3	3	1430
14.7021	3	4	3	1430
14.7067	3	3	3	1430
14.7096	3	4	3	1430
14.7141	3	3	3	1430
14.7171	3	4	3	1430
14.7216	3	3	3	1430
14.7245	3	4	3	1430
14.7282	1	5	3	1454
14.7291	3	3	3	1430
14.732	3	4	3	1430
14.7365	3	3	3	1430
14.7395	3	4	3	1430
14.744	3	3	3	1430
14.7469	3	4	3	1430
14.7515	3	3	3	1430
14.7544	3	4	3	1430
14.7589	3	3	3	1430
14.7619	3	4	3	1430
14.7664	3	3	3	1430
14.7693	3	4	3	1430
14.7732	1	5	3	1454
14.7732	1	5	3	1454
14.7739	3	3	3	1430
14.7768	3	4	3	1430
14.7813	3	3	3	1430
14.7843	3	4	3	1430
14.7888	3	3	3	1430
14.7917	3	4	3	1430
14.7963	3	3	3	1430
14.7992	3	4	3	1430
14.8032	1	5	3	1454
14.8032	1	5	3	1454
14.8037	3	3	3	1430
14.8067	3	4	3	1430
14.8112	3	3	3	1430
14.8141	3	4	3	1430
14.8187	3	3	3	1430
14.8216	3	4	3	1430
14.8232	1	5	3	1454
14.8232	1	5	3	1454
14.8261	3	3	3	1430
14.8291	3	4	3	1430
14.8336	3	3	3	1430
14.8365	3	4	3	1430
14.8411	3	3	3	1430
14.8432	1	5	3	1454
14.8432	1	5	3	1454
14.844	3	4	3	1430
14.8485	3	3	3	1430
14.8515	3	4	3	1430
14.856	3	3	3	1430
14.8589	3	4	3	1430
14.8635	3	3	3	1430
14.8664	3	4	3	1430
14.8682	1	5	3	1454
14.8682	1	5	3	1454
14.8682	1	5	3	1454
14.8709	3	3	3	1430
14.8739	3	4	3	1430
14.8784	3	3	3	1430
14.8813	3	4	3	1430
14.8859	3	3	3	1430
14.8888	3	4	3	1430
14.8892	1	5	3	1454
14.8892	1	5	3	1454
14.8933	3	3	3	1430
14.8952	1	5	3	1454
14.8952	1	5	3	1454
14.8963	3	4	3	1430
14.9008	3	3	3	1430
14.9037	3	4	3	1430
14.9083	3	3	3	1430
14.9112	3	4	3	1430
14.9157	3	3	3	1430
14.9172	1	5	3	1454
14.9172	1	5	3	1454
14.9172	1	5	3	1454
14.9187	3	4	3	1430
14.9212	1	5	3	1454
14.9212	1	5	3	1454
14.9232	3	3	3	1430
14.9261	3	4	3	1430
14.9307	3	3	3	1430
14.9336	3	4	3	1430
14.9381	3	3	3	1430
14.9411	3	4	3	1430
14.9442	1	5	3	1454
14.9442	1	5	3	1454
14.9452	1	5	3	1454
14.9452	1	5	3	1454
14.9456	3	3	3	1430
14.9485	3	4	3	1430
14.9531	3	3	3	1430
14.956	3	4	3	1430
14.9605	3	3	3	1430
14.9635	3	4	3	1430
14.9642	1	5	3	1454
14.9642	1	5	3	1454
14.9652	1	5	3	1454
14.9652	1	5	3	1454
14.9652	1	5	3	1454
14.968	3	3	3	1430
14.9709	3	4	3	1430
14.9755	3	3	3	1430
14.9784	3	4	3	1430
14.9829	3	3	3	1430
14.9852	1	5	3	1454
14.9852	1	5	3	1454
14.9859	3	4	3	1430
14.9872	1	5	3	1454
14.9872	1	5	3	1454
14.9904	3	3	3	1430
14.9932	1	5	3	1454
14.9932	1	5	3	1454
14.9933	3	4	3	1430
14.9979	3	3	3	1430
15.0008	3	4	3	1430
15.0053	3	3	3	1430
15.0082	1	5	3	1454
15.0082	1	5	3	1454
15.0083	3	4	3	1430
15.0128	3	3	3	1430
15.0142	1	5	3	1454
15.0142	1	5	3	1454
15.0142	1	5	3	1454
15.0142	1	5	3	1454
15.0142	1	5	3	1454
15.0157	3	4	3	1430
15.0203	3	3	3	1430
15.0232	3	4	3	1430
15.0277	3	3	3	1430
15.0307	3	4	3	1430
15.0352	3	3	3	1430
15.0373	1	5	3	1454
15.0373	1	5	3	1454
15.0373	1	5	3	1454
15.0373	1	5	3	1454
15.0373	1	5	3	1454
15.0373	1	5	3	1454
15.0381	3	4	3	1430
15.0427	3	3	3	1430
15.0456	3	4	3	1430
15.0501	3	3	3	1430
15.0531	3	4	3	1430
15.0576	3	3	3	1430
15.0603	1	5	3	1454
15.0603	1	5	3	1454
15.0603	1	5	3	1454
15.0603	1	5	3	1454
15.0603	1	5	3	1454
15.0603	1	5	3	1454
15.0603	1	5	3	1454
15.0605	3	4	3	1430
15.0651	3	3	3	1430
15.068	3	4	3	1430
15.0725	3	3	3	1430
15.0755	3	4	3	1430
15.08	3	3	3	1430
15.0829	3	4	3	1430
15.0875	3	3	3	1430
15.0883	1	5	3	1454
15.0883	1	5	3	1454
15.0883	1	5	3	1454
15.0883	1	5	3	1454
15.0883	1	5	3	1454
15.0883	1	5	3	1454
15.0883	1	5	3	1454
15.0883	1	5	3	1454
15.0904	3	4	3	1430
15.0949	3	3	3	1430
15.0979	3	4	3	1430
15.1024	3	3	3	1430
15.1053	3	4	3	1430
15.1099	3	3	3	1430
15.1123	1	5	3	1454
15.1123	1	5	3	1454
15.1123	1	5	3	1454
15.1123	1	5	3	1454
15.1123	1	5	3	1454
15.1123	1	5	3	1454
15.1123	1	5	3	1454
15.1128	3	4	3	1430
15.1173	3	3	3	1430
15.1203	3	4	3	1430
15.1248	3	3	3	1430
15.1277	3	4	3	1430
15.1323	3	3	3	1430
15.1352	3	4	3	1430
15.1397	3	3	3	1430
15.1415	1	5	3	1454
15.1415	1	5	3	1454
15.1415	1	5	3	1454
15.1415	1	5	3	1454
15.1415	1	5	3	1454
15.1415	1	5	3	1454
15.1415	1	5	3	1454
15.1415	1	5	3	1454
15.1415	1	5	3	1454
15.1415	1	5	3	1454
15.1427	3	4	3	1430
15.1472	3	3	3	1430
15.1501	3	4	3	1430
15.1547	3	3	3	1430
15.1576	3	4	3	1430
15.1621	3	3	3	1430
15.1644	1	5	3	1454
15.1644	1	5	3	1454
15.1644	1	5	3	1454
15.1651	3	4	3	1430
15.1696	3	3	3	1430
15.1725	3	4	3	1430
15.1771	3	3	3	1430
15.18	3	4	3	1430
15.1842	1	5	3	1454
15.1842	1	5	3	1454
15.1845	3	3	3	1430
15.1852	1	5	3	1454
15.1875	3	4	3	1430
15.1912	1	5	3	1454
15.192	3	3	3	1430
15.1949	3	4	3	1430
15.1995	3	3	3	1430
15.2024	3	4	3	1430
15.2069	3	3	3	1430
15.2093	1	5	3	1454
15.2093	1	5	3	1454
15.2099	3	4	3	1430
15.2102	1	5	3	1454
15.2144	3	3	3	1430
15.2162	1	5	3	1454
15.2173	3	4	3	1430
15.2219	3	3	3	1430
15.2248	3	4	3	1430
15.2293	3	3	3	1430
15.2313	1	5	3	1454
15.2313	1	5	3	1454
15.2313	1	5	3	1454
15.2323	3	4	3	1430
15.2368	3	3	3	1430
15.2397	3	4	3	1430
15.2402	1	5	3	1454
15.2402	1	5	3	1454
15.2443	3	3	3	1430
15.2472	3	4	3	1430
15.2517	3	3	3	1430
15.2547	3	4	3	1430
15.2592	3	3	3	1430
15.2592	1	5	3	1454
15.2592	1	5	3	1454
15.2621	3	4	3	1430
15.2622	1	5	3	1454
15.2622	1	5	3	1454
15.2667	3	3	3	1430
15.2696	3	4	3	1430
15.2741	3	3	3	1430
15.2771	3	4	3	1430
15.2816	3	3	3	1430
15.2845	3	4	3	1430
15.2862	1	5	3	1454
15.2862	1	5	3	1454
15.2862	1	5	3	1454
15.2862	1	5	3	1454
15.2891	3	3	3	1430
15.292	3	4	3	1430
15.2965	3	3	3	1430
15.2995	3	4	3	1430
15.304	3	3	3	1430
15.3069	3	4	3	1430
15.3115	3	3	3	1430
15.3132	1	5	3	1454
15.3132	1	5	3	1454
15.3132	1	5	3	1454
15.3142	1	5	3	1454
15.3142	1	5	3	1454
15.3144	3	4	3	1430
15.3189	3	3	3	1430
15.3219	3	4	3	1430
15.3264	3	3	3	1430
15.3293	3	4	3	1430
15.3339	3	3	3	1430
15.3352	1	5	3	1454
15.3352	1	5	3	1454
15.3368	3	4	3	1430
15.3412	1	5	3	1454
15.3412	1	5	3	1454
15.3412	1	5	3	1454
15.3412	1	5	3	1454
15.3413	3	3	3	1430
15.3443	3	4	3	1430
15.3488	3	3	3	1430
15.3517	3	4	3	1430
15.3563	3	3	3	1430
15.3592	3	4	3	1430
15.3637	3	3	3	1430
15.3652	1	5	3	1454
15.3652	1	5	3	1454
15.3667	3	4	3	1430
15.3682	1	5	3	1454
15.3682	1	5	3	1454
15.3682	1	5	3	1454
15.3692	1	5	3	1454
15.3692	1	5	3	1454
15.3712	3	3	3	1430
15.3741	3	4	3	1430
15.3787	3	3	3	1430
15.3816	3	4	3	1430
15.3861	3	3	3	1430
15.3891	3	4	3	1430
15.3893	1	5	3	1454
15.3893	1	5	3	1454
15.3893	1	5	3	1454
15.3893	1	5	3	1454
15.3893	1	5	3	1454
15.3893	1	5	3	1454
15.3936	3	3	3	1430
15.3965	3	4	3	1430
15.4011	3	3	3	1430
15.404	3	4	3	1430
15.4085	3	3	3	1430
15.4115	3	4	3	1430
15.4123	1	5	3	1454
15.4123	1	5	3	1454
15.4123	1	5	3	1454
15.4123	1	5	3	1454
15.4123	1	5	3	1454
15.4123	1	5	3	1454
15.4123	1	5	3	1454
15.416	3	3	3	1430
15.4189	3	4	3	1430
15.4235	3	3	3	1430
15.4264	3	4	3	1430
15.4309	3	3	3	1430
15.4339	3	4	3	1430
15.4363	1	5	3	1454
15.4363	1	5	3	1454
15.4363	1	5	3	1454
15.4363	1	5	3	1454
15.4363	1	5	3	1454
15.4363	1	5	3	1454
15.4372	1	5	3	1454
15.4372	1	5	3	1454
15.4384	3	3	3	1430
15.4413	3	4	3	1430
15.4459	3	3	3	1430
15.4488	3	4	3	1430
15.4533	3	3	3	1430
15.4563	3	4	3	1430
15.4603	1	5	3	1454
15.4603	1	5	3	1454
15.4603	1	5	3	1454
15.4603	1	5	3	1454
15.4603	1	5	3	1454
15.4603	1	5	3	1454
15.4603	1	5	3	1454
15.4608	3	3	3	1430
15.4637	3	4	3	1430
15.4683	3	3	3	1430
15.4712	3	4	3	1430
15.4757	3	3	3	1430
15.4787	3	4	3	1430
15.4832	3	3	3	1430
15.4835	1	5	3	1454
15.4835	1	5	3	1454
15.4835	1	5	3	1454
15.4835	1	5	3	1454
15.4835	1	5	3	1454
15.4835	1	5	3	1454
15.4835	1	5	3	1454
15.4835	1	5	3	1454
15.4835	1	5	3	1454
15.4861	3	4	3	1430
15.4902	1	5	3	1454
15.4907	3	3	3	1430
15.4936	3	4	3	1430
15.4981	3	3	3	1430
15.5011	3	4	3	1430
15.5056	3	3	3	1430
15.5064	1	5	3	1454
15.5064	1	5	3	1454
15.5064	1	5	3	1454
15.5085	3	4	3	1430
15.5131	3	3	3	1430
15.516	3	4	3	1430
15.5205	3	3	3	1430
15.5235	3	4	3	1430
15.528	3	3	3	1430
15.5309	3	4	3	1430
15.5323	1	5	3	1454
15.5323	1	5	3	1454
15.5323	1	5	3	1454
15.5323	1	5	3	1454
15.5355	3	3	3	1430
15.5384	3	4	3	1430
15.5429	3	3	3	1430
15.5459	3	4	3	1430
15.5504	3	3	3	1430
15.5533	3	4	3	1430
15.5544	1	5	3	1454
15.5544	1	5	3	1454
15.5544	1	5	3	1454
15.5544	1	5	3	1454
15.5579	3	3	3	1430
15.5608	3	4	3	1430
15.5653	3	3	3	1430
15.5683	3	4	3	1430
15.5728	3	3	3	1430
15.5757	3	4	3	1430
15.5763	1	5	3	1454
15.5763	1	5	3	1454
15.5763	1	5	3	1454
15.5763	1	5	3	1454
15.5763	1	5	3	1454
15.5803	3	3	3	1430
15.5832	3	4	3	1430
15.5877	3	3	3	1430
15.5907	3	4	3	1430
15.5952	3	3	3	1430
15.5981	3	4	3	1430
15.6027	3	3	3	1430
15.6032	1	5	3	1454
15.6032	1	5	3	1454
15.6042	1	5	3	1454
15.6042	1	5	3	1454
15.6056	3	4	3	1430
15.6101	3	3	3	1430
15.6131	3	4	3	1430
15.6176	3	3	3	1430
15.6205	3	4	3	1430
15.6251	3	3	3	1430
15.628	3	4	3	1430
15.6292	1	5	3	1454
15.6292	1	5	3	1454
15.6292	1	5	3	1454
15.6292	1	5	3	1454
15.6325	3	3	3	1430
15.6355	3	4	3	1430
15.64	3	3	3	1430
15.6429	3	4	3	1430
15.6475	3	3	3	1430
15.6504	3	4	3	1430
15.6512	1	5	3	1454
15.6512	1	5	3	1454
15.6512	1	5	3	1454
15.6522	1	5	3	1454
15.6522	1	5	3	1454
15.6549	3	3	3	1430
15.6579	3	4	3	1430
15.6624	3	3	3	1430
15.6653	3	4	3	1430
15.6699	3	3	3	1430
15.6728	3	4	3	1430
15.6733	1	5	3	1454
15.6733	1	5	3	1454
15.6733	1	5	3	1454
15.6733	1	5	3	1454
15.6733	1	5	3	1454
15.6733	1	5	3	1454
15.6773	3	3	3	1430
15.6803	3	4	3	1430
15.6848	3	3	3	1430
15.6877	3	4	3	1430
15.6923	3	3	3	1430
15.6952	3	4	3	1430
15.6997	3	3	3	1430
15.7012	1	5	3	1454
15.7012	1	5	3	1454
15.7022	1	5	3	1454
15.7022	1	5	3	1454
15.7022	1	5	3	1454
15.7022	1	5	3	1454
15.7022	1	5	3	1454
15.7027	3	4	3	1430
15.7072	3	3	3	1430
15.7101	3	4	3	1430
15.7147	3	3	3	1430
15.7176	3	4	3	1430
15.7221	3	3	3	1430
15.7242	1	5	3	1454
15.7242	1	5	3	1454
15.7251	3	4	3	1430
15.7296	3	3	3	1430
15.7302	1	5	3	1454
15.7302	1	5	3	1454
15.7302	1	5	3	1454
15.7302	1	5	3	1454
15.7325	3	4	3	1430
15.7371	3	3	3	1430
15.74	3	4	3	1430
15.7445	3	3	3	1430
15.7475	3	4	3	1430
15.7513	1	5	3	1454
15.7513	1	5	3	1454
15.7513	1	5	3	1454
15.7513	1	5	3	1454
15.7513	1	5	3	1454
15.7513	1	5	3	1454
15.7513	1	5	3	1454
15.752	3	3	3	1430
15.7549	3	4	3	1430
15.7595	3	3	3	1430
15.7624	3	4	3	1430
15.7669	3	3	3	1430
15.7699	3	4	3	1430
15.7744	3	3	3	1430
15.7753	1	5	3	1454
15.7753	1	5	3	1454
15.7753	1	5	3	1454
15.7753	1	5	3	1454
15.7753	1	5	3	1454
15.7753	1	5	3	1454
15.7773	3	4	3	1430
15.7812	1	5	3	1454
15.7812	1	5	3	1454
15.7819	3	3	3	1430
15.7848	3	4	3	1430
15.7893	3	3	3	1430
15.7923	3	4	3	1430
15.7968	3	3	3	1430
15.7993	1	5	3	1454
15.7993	1	5	3	1454
15.7993	1	5	3	1454
15.7993	1	5	3	1454
15.7993	1	5	3	1454
15.7993	1	5	3	1454
15.7993	1	5	3	1454
15.7997	3	4	3	1430
15.8043	3	3	3	1430
15.8072	3	4	3	1430
15.8117	3	3	3	1430
15.8147	3	4	3	1430
15.8192	3	3	3	1430
15.8221	3	4	3	1430
15.8235	1	5	3	1454
15.8235	1	5	3	1454
15.8235	1	5	3	1454
15.8235	1	5	3	1454
15.8235	1	5	3	1454
15.8235	1	5	3	1454
15.8235	1	5	3	1454
15.8235	1	5	3	1454
15.8235	1	5	3	1454
15.8235	1	5	3	1454
15.8267	3	3	3	1430
15.8296	3	4	3	1430
15.8341	3	3	3	1430
15.8371	3	4	3	1430
15.8416	3	3	3	1430
15.8445	3	4	3	1430
15.8474	1	5	3	1454
15.8474	1	5	3	1454
15.8474	1	5	3	1454
15.8491	3	3	3	1430
15.852	3	4	3	1430
15.8565	3	3	3	1430
15.8595	3	4	3	1430
15.864	3	3	3	1430
15.8669	3	4	3	1430
15.8715	3	3	3	1430
15.8733	1	5	3	1454
15.8733	1	5	3	1454
15.8733	1	5	3	1454
15.8733	1	5	3	1454
15.8744	3	4	3	1430
15.8789	3	3	3	1430
15.8819	3	4	3	1430
15.8864	3	3	3	1430
15.8893	3	4	3	1430
15.8939	3	3	3	1430
15.8954	1	5	3	1454
15.8954	1	5	3	1454
15.8954	1	5	3	1454
15.8954	1	5	3	1454
15.8968	3	4	3	1430
15.9013	3	3	3	1430
15.9043	3	4	3	1430
15.9088	3	3	3	1430
15.9117	3	4	3	1430
15.9163	3	3	3	1430
15.9173	1	5	3	1454
15.9173	1	5	3	1454
15.9173	1	5	3	1454
15.9173	1	5	3	1454
15.9173	1	5	3	1454
15.9192	3	4	3	1430
15.9237	3	3	3	1430
15.9267	3	4	3	1430
15.9312	3	3	3	1430
15.9341	3	4	3	1430
15.9387	3	3	3	1430
15.9416	3	4	3	1430
15.9442	1	5	3	1454
15.9442	1	5	3	1454
15.9442	1	5	3	1454
15.9442	1	5	3	1454
15.9461	3	3	3	1430
15.9491	3	4	3	1430
15.9536	3	3	3	1430
15.9565	3	4	3	1430
15.9611	3	3	3	1430
15.964	3	4	3	1430
15.9685	3	3	3	1430
15.9712	1	5	3	1454
15.9712	1	5	3	1454
15.9712	1	5	3	1454
15.9712	1	5	3	1454
15.9715	3	4	3	1430
15.976	3	3	3	1430
15.9789	3	4	3	1430
15.9835	3	3	3	1430
15.9864	3	4	3	1430
15.9909	3	3	3	1430
15.9932	1	5	3	1454
15.9932	1	5	3	1454
15.9932	1	5	3	1454
15.9939	3	4	3	1430
15.9942	1	5	3	1454
15.9942	1	5	3	1454
15.9984	3	3	3	1430
16.0013	3	4	3	1430
16.0059	3	3	3	1430
16.0088	3	4	3	1430
16.0133	3	3	3	1430
16.0152	1	5	3	1454
16.0152	1	5	3	1454
16.0163	3	4	3	1430
16.0208	3	3	3	1430
16.0212	1	5	3	1454
16.0212	1	5	3	1454
16.0212	1	5	3	1454
16.0212	1	5	3	1454
16.0237	3	4	3	1430
16.0283	3	3	3	1430
16.0312	3	4	3	1430
16.0357	3	3	3	1430
16.0387	3	4	3	1430
16.0432	3	3	3	1430
16.0452	1	5	3	1454
16.0452	1	5	3	1454
16.0452	1	5	3	1454
16.0452	1	5	3	1454
16.0452	1	5	3	1454
16.0452	1	5	3	1454
16.0452	1	5	3	1454
16.0461	3	4	3	1430
16.0507	3	3	3	1430
16.0536	3	4	3	1430
16.0581	3	3	3	1430
16.0611	3	4	3	1430
16.0656	3	3	3	1430
16.0685	3	4	3	1430
16.0731	3	3	3	1430
16.0743	1	5	3	1454
16.0743	1	5	3	1454
16.0743	1	5	3	1454
16.0743	1	5	3	1454
16.0743	1	5	3	1454
16.0743	1	5	3	1454
16.076	3	4	3	1430
16.0805	3	3	3	1430
16.0835	3	4	3	1430
16.088	3	3	3	1430
16.0909	3	4	3	1430
16.0955	3	3	3	1430
16.0984	3	4	3	1430
16.1023	1	5	3	1454
16.1023	1	5	3	1454
16.1023	1	5	3	1454
16.1023	1	5	3	1454
16.1023	1	5	3	1454
16.1023	1	5	3	1454
16.1023	1	5	3	1454
16.1029	3	3	3	1430
16.1059	3	4	3	1430
16.1104	3	3	3	1430
16.1133	3	4	3	1430
16.1179	3	3	3	1430
16.1208	3	4	3	1430
16.1253	3	3	3	1430
16.1263	1	5	3	1454
16.1263	1	5	3	1454
16.1263	1	5	3	1454
16.1263	1	5	3	1454
16.1263	1	5	3	1454
16.1263	1	5	3	1454
16.1283	3	4	3	1430
16.1322	1	5	3	1454
16.1322	1	5	3	1454
16.1328	3	3	3	1430
16.1357	3	4	3	1430
16.1403	3	3	3	1430
16.1432	3	4	3	1430
16.1477	3	3	3	1430
16.1503	1	5	3	1454
16.1503	1	5	3	1454
16.1503	1	5	3	1454
16.1503	1	5	3	1454
16.1503	1	5	3	1454
16.1503	1	5	3	1454
16.1503	1	5	3	1454
16.1507	3	4	3	1430
16.1552	3	3	3	1430
16.1581	3	4	3	1430
16.1627	3	3	3	1430
16.1656	3	4	3	1430
16.1701	3	3	3	1430
16.1731	3	4	3	1430
16.1735	1	5	3	1454
16.1735	1	5	3	1454
16.1735	1	5	3	1454
16.1735	1	5	3	1454
16.1735	1	5	3	1454
16.1735	1	5	3	1454
16.1735	1	5	3	1454
16.1735	1	5	3	1454
16.1735	1	5	3	1454
16.1776	3	3	3	1430
16.1792	1	5	3	1454
16.1805	3	4	3	1430
16.1851	3	3	3	1430
16.188	3	4	3	1430
16.1925	3	3	3	1430
16.1955	3	4	3	1430
16.1974	1	5	3	1454
16.1974	1	5	3	1454
16.1974	1	5	3	1454
16.2029	3	4	3	1430
16.2104	3	4	3	1430
16.2179	3	4	3	1430
16.2233	1	5	3	1454
16.2233	1	5	3	1454
16.2233	1	5	3	1454
16.2233	1	5	3	1454
16.2253	3	4	3	1430
16.2328	3	4	3	1430
16.2403	3	4	3	1430
16.2443	1	5	3	1454
16.2443	1	5	3	1454
16.2477	3	4	3	1430
16.2502	1	5	3	1454
16.2502	1	5	3	1454
16.2552	3	4	3	1430
16.2627	3	4	3	1430
16.2701	3	4	3	1430
16.2703	1	5	3	1454
16.2703	1	5	3	1454
16.2703	1	5	3	1454
16.2772	1	5	3	1454
16.2772	1	5	3	1454
16.2776	3	4	3	1430
16.2851	3	4	3	1430
16.2925	3	4	3	1430
16.2972	1	5	3	1454
16.2972	1	5	3	1454
16.3002	1	5	3	1454
16.3002	1	5	3	1454
16.3182	1	5	3	1454
16.3182	1	5	3	1454
16.3242	1	5	3	1454
16.3242	1	5	3	1454
16.3462	1	5	3	1454
16.3462	1	5	3	1454
16.3462	1	5	3	1454
16.3462	1	5	3	1454
16.3462	1	5	3	1454
16.3732	1	5	3	1454
16.3732	1	5	3	1454
16.3742	1	5	3	1454
16.3742	1	5	3	1454
16.3742	1	5	3	1454
16.3742	1	5	3	1454
16.3952	1	5	3	1454
16.3952	1	5	3	1454
16.4012	1	5	3	1454
16.4012	1	5	3	1454
16.4012	1	5	3	1454
16.4012	1	5	3	1454
16.4012	1	5	3	1454
16.4252	1	5	3	1454
16.4252	1	5	3	1454
16.4252	1	5	3	1454
16.4252	1	5	3	1454
16.4252	1	5	3	1454
16.4252	1	5	3	1454
16.4483	1	5	3	1454
16.4483	1	5	3	1454
16.4483	1	5	3	1454
16.4483	1	5	3	1454
16.4483	1	5	3	1454
16.4483	1	5	3	1454
16.4483	1	5	3	1454
16.4773	1	5	3	1454
16.4773	1	5	3	1454
16.4773	1	5	3	1454
16.4773	1	5	3	1454
16.4773	1	5	3	1454
16.4773	1	5	3	1454
16.4782	1	5	3	1454
16.4782	1	5	3	1454
16.5013	1	5	3	1454
16.5013	1	5	3	1454
16.5013	1	5	3	1454
16.5013	1	5	3	1454
16.5013	1	5	3	1454
16.5013	1	5	3	1454
16.5013	1	5	3	1454
16.5244	1	5	3	1454
16.5244	1	5	3	1454
16.5244	1	5	3	1454
16.5244	1	5	3	1454
16.5244	1	5	3	1454
16.5244	1	5	3	1454
16.5244	1	5	3	1454
16.5244	1	5	3	1454
16.5252	1	5	3	1454
16.5262	1	5	3	1454
16.5474	1	5	3	1454
16.5474	1	5	3	1454
16.5474	1	5	3	1454
16.5733	1	5	3	1454
16.5733	1	5	3	1454
16.5733	1	5	3	1454
16.5742	1	5	3	1454
16.6004	1	5	3	1454
16.6004	1	5	3	1454
16.6004	1	5	3	1454
16.6004	1	5	3	1454
16.6223	1	5	3	1454
16.6223	1	5	3	1454
16.6223	1	5	3	1454
16.6223	1	5	3	1454
16.6223	1	5	3	1454
16.6442	1	5	3	1454
16.6442	1	5	3	1454
16.6502	1	5	3	1454
16.6502	1	5	3	1454
16.6702	1	5	3	1454
16.6702	1	5	3	1454
16.6712	1	5	3	1454
16.6712	1	5	3	1454
16.6962	1	5	3	1454
16.6962	1	5	3	1454
16.6962	1	5	3	1454
16.6962	1	5	3	1454
16.6962	1	5	3	1454
16.7232	1	5	3	1454
16.7232	1	5	3	1454
16.7242	1	5	3	1454
16.7242	1	5	3	1454
16.7242	1	5	3	1454
16.7242	1	5	3	1454
16.7502	1	5	3	1454
16.7502	1	5	3	1454
16.7502	1	5	3	1454
16.7502	1	5	3	1454
16.7502	1	5	3	1454
16.7502	1	5	3	1454
16.7502	1	5	3	1454
16.7783	1	5	3	1454
16.7783	1	5	3	1454
16.7783	1	5	3	1454
16.7783	1	5	3	1454
16.7783	1	5	3	1454
16.7783	1	5	3	1454
16.8013	1	5	3	1454
16.8013	1	5	3	1454
16.8013	1	5	3	1454
16.8013	1	5	3	1454
16.8013	1	5	3	1454
16.8013	1	5	3	1454
16.8013	1	5	3	1454
16.8293	1	5	3	1454
16.8293	1	5	3	1454
16.8293	1	5	3	1454
16.8293	1	5	3	1454
16.8293	1	5	3	1454
16.8293	1	5	3	1454
16.8293	1	5	3	1454
16.8293	1	5	3	1454
16.8583	1	5	3	1454
16.8583	1	5	3	1454
16.8583	1	5	3	1454
16.8583	1	5	3	1454
16.8583	1	5	3	1454
16.8583	1	5	3	1454
16.8583	1	5	3	1454
16.8875	1	5	3	1454
16.8875	1	5	3	1454
16.8875	1	5	3	1454
16.8875	1	5	3	1454
16.8875	1	5	3	1454
16.8875	1	5	3	1454
16.8875	1	5	3	1454
16.8875	1	5	3	1454
16.8875	1	5	3	1454
16.8875	1	5	3	1454
16.9164	1	5	3	1454
16.9164	1	5	3	1454
16.9164	1	5	3	1454
16.9373	1	5	3	1454
16.9373	1	5	3	1454
16.9373	1	5	3	1454
16.9432	1	5	3	1454
16.9583	1	5	3	1454
16.9583	1	5	3	1454
16.9642	1	5	3	1454
16.9642	1	5	3	1454
16.9863	1	5	3	1454
16.9863	1	5	3	1454
16.9863	1	5	3	1454
16.9892	1	5	3	1454
16.9892	1	5	3	1454
17.0132	1	5	3	1454
17.0132	1	5	3	1454
17.0132	1	5	3	1454
17.0132	1	5	3	1454
17.0382	1	5	3	1454
17.0382	1	5	3	1454
17.0392	1	5	3	1454
17.0392	1	5	3	1454
17.0652	1	5	3	1454
17.0652	1	5	3	1454
17.0652	1	5	3	1454
17.0662	1	5	3	1454
17.0662	1	5	3	1454
17.0872	1	5	3	1454
17.0872	1	5	3	1454
17.0882	1	5	3	1454
17.0882	1	5	3	1454
17.0882	1	5	3	1454
17.0882	1	5	3	1454
17.1152	1	5	3	1454
17.1152	1	5	3	1454
17.1162	1	5	3	1454
17.1162	1	5	3	1454
17.1162	1	5	3	1454
17.1162	1	5	3	1454
17.1162	1	5	3	1454
17.1443	1	5	3	1454
17.1443	1	5	3	1454
17.1443	1	5	3	1454
17.1443	1	5	3	1454
17.1443	1	5	3	1454
17.1443	1	5	3	1454
17.1723	1	5	3	1454
17.1723	1	5	3	1454
17.1723	1	5	3	1454
17.1723	1	5	3	1454
17.1723	1	5	3	1454
17.1723	1	5	3	1454
17.1723	1	5	3	1454
17.2013	1	5	3	1454
17.2013	1	5	3	1454
17.2013	1	5	3	1454
17.2013	1	5	3	1454
17.2013	1	5	3	1454
17.2013	1	5	3	1454
17.2013	1	5	3	1454
17.2013	1	5	3	1454
17.2243	1	5	3	1454
17.2243	1	5	3	1454
17.2243	1	5	3	1454
17.2243	1	5	3	1454
17.2243	1	5	3	1454
17.2243	1	5	3	1454
17.2243	1	5	3	1454
17.2485	1	5	3	1454
17.2485	1	5	3	1454
17.2485	1	5	3	1454
17.2485	1	5	3	1454
17.2485	1	5	3	1454
17.2485	1	5	3	1454
17.2485	1	5	3	1454
17.2485	1	5	3	1454
17.2485	1	5	3	1454
17.2542	1	5	3	1454
17.2774	1	5	3	1454
17.2774	1	5	3	1454
17.2774	1	5	3	1454
17.2983	1	5	3	1454
17.2983	1	5	3	1454
17.2983	1	5	3	1454
17.3042	1	5	3	1454
17.3253	1	5	3	1454
17.3253	1	5	3	1454
17.3253	1	5	3	1454
17.3253	1	5	3	1454
17.3463	1	5	3	1454
17.3463	1	5	3	1454
17.3463	1	5	3	1454
17.3532	1	5	3	1454
17.3532	1	5	3	1454
17.3742	1	5	3	1454
17.3742	1	5	3	1454
17.3772	1	5	3	1454
17.3772	1	5	3	1454
17.4012	1	5	3	1454
17.4012	1	5	3	1454
17.4022	1	5	3	1454
17.4022	1	5	3	1454
17.4232	1	5	3	1454
17.4232	1	5	3	1454
17.4232	1	5	3	1454
17.4242	1	5	3	1454
17.4242	1	5	3	1454
17.4513	1	5	3	1454
17.4513	1	5	3	1454
17.4513	1	5	3	1454
17.4513	1	5	3	1454
17.4513	1	5	3	1454
17.4513	1	5	3	1454
17.4792	1	5	3	1454
17.4792	1	5	3	1454
17.4802	1	5	3	1454
17.4802	1	5	3	1454
17.4802	1	5	3	1454
17.4802	1	5	3	1454
17.4802	1	5	3	1454
17.5033	1	5	3	1454
17.5033	1	5	3	1454
17.5033	1	5	3	1454
17.5033	1	5	3	1454
17.5033	1	5	3	1454
17.5033	1	5	3	1454
17.5263	1	5	3	1454
17.5263	1	5	3	1454
17.5263	1	5	3	1454
17.5263	1	5	3	1454
17.5263	1	5	3	1454
17.5263	1	5	3	1454
17.5263	1	5	3	1454
17.5503	1	5	3	1454
17.5503	1	5	3	1454
17.5503	1	5	3	1454
17.5503	1	5	3	1454
17.5503	1	5	3	1454
17.5503	1	5	3	1454
17.5572	1	5	3	1454
17.5572	1	5	3	1454
17.5783	1	5	3	1454
17.5783	1	5	3	1454
17.5783	1	5	3	1454
17.5783	1	5	3	1454
17.5783	1	5	3	1454
17.5783	1	5	3	1454
17.5783	1	5	3	1454
17.6075	1	5	3	1454
17.6075	1	5	3	1454
17.6075	1	5	3	1454
17.6075	1	5	3	1454
17.6075	1	5	3	1454
17.6075	1	5	3	1454
17.6075	1	5	3	1454
17.6075	1	5	3	1454
17.6075	1	5	3	1454
17.6082	1	5	3	1454
17.6314	1	5	3	1454
17.6314	1	5	3	1454
17.6314	1	5	3	1454
17.6523	1	5	3	1454
17.6523	1	5	3	1454
17.6523	1	5	3	1454
17.6582	1	5	3	1454
17.6783	1	5	3	1454
17.6783	1	5	3	1454
17.6783	1	5	3	1454
17.6783	1	5	3	1454
17.7003	1	5	3	1454
17.7003	1	5	3	1454
17.7003	1	5	3	1454
17.7003	1	5	3	1454
17.7003	1	5	3	1454
17.7272	1	5	3	1454
17.7272	1	5	3	1454
17.7282	1	5	3	1454
17.7282	1	5	3	1454
17.7542	1	5	3	1454
17.7542	1	5	3	1454
17.7552	1	5	3	1454
17.7552	1	5	3	1454
17.7812	1	5	3	1454
17.7812	1	5	3	1454
17.7812	1	5	3	1454
17.7822	1	5	3	1454
17.7822	1	5	3	1454
17.8083	1	5	3	1454
17.8083	1	5	3	1454
17.8083	1	5	3	1454
17.8083	1	5	3	1454
17.8083	1	5	3	1454
17.8083	1	5	3	1454
17.8312	1	5	3	1454
17.8312	1	5	3	1454
17.8372	1	5	3	1454
17.8372	1	5	3	1454
17.8372	1	5	3	1454
17.8372	1	5	3	1454
17.8372	1	5	3	1454
17.8612	1	5	3	1454
17.8612	1	5	3	1454
17.8642	1	5	3	1454
17.8642	1	5	3	1454
17.8652	1	5	3	1454
17.8652	1	5	3	1454
17.8833	1	5	3	1454
17.8833	1	5	3	1454
17.8833	1	5	3	1454
17.8833	1	5	3	1454
17.8833	1	5	3	1454
17.8833	1	5	3	1454
17.8833	1	5	3	1454
17.9063	1	5	3	1454
17.9063	1	5	3	1454
17.9063	1	5	3	1454
17.9063	1	5	3	1454
17.9063	1	5	3	1454
17.9063	1	5	3	1454
17.9132	1	5	3	1454
17.9132	1	5	3	1454
17.9353	1	5	3	1454
17.9353	1	5	3	1454
17.9353	1	5	3	1454
17.9353	1	5	3	1454
17.9353	1	5	3	1454
17.9353	1	5	3	1454
17.9353	1	5	3	1454
17.9595	1	5	3	1454
17.9595	1	5	3	1454
17.9595	1	5	3	1454
17.9595	1	5	3	1454
17.9595	1	5	3	1454
17.9595	1	5	3	1454
17.9595	1	5	3	1454
17.9595	1	5	3	1454
17.9595	1	5	3	1454
17.9652	1	5	3	1454
17.9834	1	5	3	1454
17.9834	1	5	3	1454
17.9834	1	5	3	1454
18.0083	1	5	3	1454
18.0083	1	5	3	1454
18.0083	1	5	3	1454
18.0102	1	5	3	1454
18.0304	1	5	3	1454
18.0304	1	5	3	1454
18.0304	1	5	3	1454
18.0304	1	5	3	1454
18.0563	1	5	3	1454
18.0563	1	5	3	1454
18.0563	1	5	3	1454
18.0563	1	5	3	1454
18.0563	1	5	3	1454
18.0832	1	5	3	1454
18.0832	1	5	3	1454
18.0842	1	5	3	1454
18.0842	1	5	3	1454
18.1092	1	5	3	1454
18.1092	1	5	3	1454
18.1102	1	5	3	1454
18.1102	1	5	3	1454
18.1312	1	5	3	1454
18.1312	1	5	3	1454
18.1312	1	5	3	1454
18.1372	1	5	3	1454
18.1372	1	5	3	1454
18.1592	1	5	3	1454
18.1592	1	5	3	1454
18.1602	1	5	3	1454
18.1602	1	5	3	1454
18.1622	1	5	3	1454
18.1622	1	5	3	1454
18.1872	1	5	3	1454
18.1872	1	5	3	1454
18.1872	1	5	3	1454
18.1872	1	5	3	1454
18.1872	1	5	3	1454
18.1872	1	5	3	1454
18.1872	1	5	3	1454
18.2113	1	5	3	1454
18.2113	1	5	3	1454
18.2113	1	5	3	1454
18.2113	1	5	3	1454
18.2113	1	5	3	1454
18.2113	1	5	3	1454
18.2383	1	5	3	1454
18.2383	1	5	3	1454
18.2383	1	5	3	1454
18.2383	1	5	3	1454
18.2383	1	5	3	1454
18.2383	1	5	3	1454
18.2383	1	5	3	1454
18.2623	1	5	3	1454
18.2623	1	5	3	1454
18.2623	1	5	3	1454
18.2623	1	5	3	1454
18.2623	1	5	3	1454
18.2623	1	5	3	1454
18.2682	1	5	3	1454
18.2682	1	5	3	1454
18.2863	1	5	3	1454
18.2863	1	5	3	1454
18.2863	1	5	3	1454
18.2863	1	5	3	1454
18.2863	1	5	3	1454
18.2863	1	5	3	1454
18.2863	1	5	3	1454
18.3105	1	5	3	1454
18.3105	1	5	3	1454
18.3105	1	5	3	1454
18.3105	1	5	3	1454
18.3105	1	5	3	1454
18.3105	1	5	3	1454
18.3105	1	5	3	1454
18.3105	1	5	3	1454
18.3105	1	5	3	1454
18.3162	1	5	3	1454
18.3334	1	5	3	1454
18.3334	1	5	3	1454
18.3334	1	5	3	1454
18.3543	1	5	3	1454
18.3543	1	5	3	1454
18.3543	1	5	3	1454
18.3602	1	5	3	1454
18.3813	1	5	3	1454
18.3813	1	5	3	1454
18.3813	1	5	3	1454
18.3852	1	5	3	1454
18.4083	1	5	3	1454
18.4083	1	5	3	1454
18.4083	1	5	3	1454
18.4083	1	5	3	1454
18.4083	1	5	3	1454
18.4302	1	5	3	1454
18.4302	1	5	3	1454
18.4362	1	5	3	1454
18.4362	1	5	3	1454
18.4572	1	5	3	1454
18.4572	1	5	3	1454
18.4602	1	5	3	1454
18.4602	1	5	3	1454
18.4832	1	5	3	1454
18.4832	1	5	3	1454
18.4832	1	5	3	1454
18.4842	1	5	3	1454
18.4842	1	5	3	1454
18.5102	1	5	3	1454
18.5102	1	5	3	1454
18.5112	1	5	3	1454
18.5112	1	5	3	1454
18.5112	1	5	3	1454
18.5112	1	5	3	1454
18.5372	1	5	3	1454
18.5372	1	5	3	1454
18.5382	1	5	3	1454
18.5382	1	5	3	1454
18.5382	1	5	3	1454
18.5382	1	5	3	1454
18.5382	1	5	3	1454
18.5613	1	5	3	1454
18.5613	1	5	3	1454
18.5613	1	5	3	1454
18.5613	1	5	3	1454
18.5613	1	5	3	1454
18.5613	1	5	3	1454
18.5893	1	5	3	1454
18.5893	1	5	3	1454
18.5893	1	5	3	1454
18.5893	1	5	3	1454
18.5893	1	5	3	1454
18.5893	1	5	3	1454
18.5893	1	5	3	1454
18.6183	1	5	3	1454
18.6183	1	5	3	1454
18.6183	1	5	3	1454
18.6183	1	5	3	1454
18.6183	1	5	3	1454
18.6183	1	5	3	1454
18.6183	1	5	3	1454
18.6183	1	5	3	1454
18.6423	1	5	3	1454
18.6423	1	5	3	1454
18.6423	1	5	3	1454
18.6423	1	5	3	1454
18.6423	1	5	3	1454
18.6423	1	5	3	1454
18.6423	1	5	3	1454
18.6704	1	5	3	1454
18.6704	1	5	3	1454
18.6704	1	5	3	1454
18.6704	1	5	3	1454
18.6704	1	5	3	1454
18.6704	1	5	3	1454
18.6704	1	5	3	1454
18.6704	1	5	3	1454
18.6712	1	5	3	1454
18.6722	1	5	3	1454
18.6934	1	5	3	1454
18.6934	1	5	3	1454
18.6934	1	5	3	1454
18.7183	1	5	3	1454
18.7183	1	5	3	1454
18.7183	1	5	3	1454
18.7183	1	5	3	1454
18.7404	1	5	3	1454
18.7404	1	5	3	1454
18.7404	1	5	3	1454
18.7404	1	5	3	1454
18.7673	1	5	3	1454
18.7673	1	5	3	1454
18.7673	1	5	3	1454
18.7673	1	5	3	1454
18.7673	1	5	3	1454
18.7902	1	5	3	1454
18.7902	1	5	3	1454
18.7962	1	5	3	1454
18.7962	1	5	3	1454
18.8172	1	5	3	1454
18.8172	1	5	3	1454
18.8172	1	5	3	1454
18.8172	1	5	3	1454
18.8452	1	5	3	1454
18.8452	1	5	3	1454
18.8452	1	5	3	1454
18.8462	1	5	3	1454
18.8462	1	5	3	1454
18.8672	1	5	3	1454
18.8672	1	5	3	1454
18.8732	1	5	3	1454
18.8732	1	5	3	1454
18.8732	1	5	3	1454
18.8732	1	5	3	1454
18.8922	1	5	3	1454
18.8922	1	5	3	1454
18.9002	1	5	3	1454
18.9002	1	5	3	1454
18.9002	1	5	3	1454
18.9012	1	5	3	1454
18.9012	1	5	3	1454
18.9172	1	5	3	1454
18.9172	1	5	3	1454
18.9252	1	5	3	1454
18.9252	1	5	3	1454
18.9272	1	5	3	1454
18.9272	1	5	3	1454
18.9362	1	5	3	1454
18.9362	1	5	3	1454
18.9462	1	5	3	1454
18.9462	1	5	3	1454
18.9462	1	5	3	1454
18.9482	1	5	3	1454
18.9482	1	5	3	1454
18.9482	1	5	3	1454
18.9482	1	5	3	1454
18.9703	1	5	3	1454
18.9703	1	5	3	1454
18.9703	1	5	3	1454
18.9703	1	5	3	1454
18.9703	1	5	3	1454
18.9703	1	5	3	1454
18.9762	1	5	3	1454
18.9762	1	5	3	1454
19	1	1	3	58
19.0003	1	5	3	1454
19.0003	1	5	3	1454
19.0003	1	5	3	1454
19.0003	1	5	3	1454
19.0003	1	5	3	1454
19.0003	1	5	3	1454
19.0003	1	5	3	1454
19.0285	1	5	3	1454
19.0285	1	5	3	1454
19.0285	1	5	3	1454
19.0285	1	5	3	1454
19.0285	1	5	3	1454
19.0285	1	5	3	1454
19.0285	1	5	3	1454
19.0285	1	5	3	1454
19.0285	1	5	3	1454
19.0302	1	5	3	1454
19.0574	1	5	3	1454
19.0574	1	5	3	1454
19.0574	1	5	3	1454
19.0843	1	5	3	1454
19.0843	1	5	3	1454
19.0843	1	5	3	1454
19.0852	1	5	3	1454
19.1	1	2	3	58
19.1064	1	5	3	1454
19.1064	1	5	3	1454
19.1064	1	5	3	1454
19.1064	1	5	3	1454
19.1273	1	5	3	1454
19.1273	1	5	3	1454
19.1273	1	5	3	1454
19.1342	1	5	3	1454
19.1342	1	5	3	1454
19.1552	1	5	3	1454
19.1552	1	5	3	1454
19.1582	1	5	3	1454
19.1582	1	5	3	1454
19.1822	1	5	3	1454
19.1822	1	5	3	1454
19.1822	1	5	3	1454
19.1822	1	5	3	1454
19.2	3	1	3	58
19.2082	1	5	3	1454
19.2082	1	5	3	1454
19.2082	1	5	3	1454
19.2082	1	5	3	1454
19.2082	1	5	3	1454
19.2352	1	5	3	1454
19.2352	1	5	3	1454
19.2352	1	5	3	1454
19.2352	1	5	3	1454
19.2352	1	5	3	1454
19.2352	1	5	3	1454
19.2632	1	5	3	1454
19.2632	1	5	3	1454
19.2642	1	5	3	1454
19.2642	1	5	3	1454
19.2642	1	5	3	1454
19.2642	1	5	3	1454
19.2642	1	5	3	1454
19.2873	1	5	3	1454
19.2873	1	5	3	1454
19.2873	1	5	3	1454
19.2873	1	5	3	1454
19.2873	1	5	3	1454
19.2873	1	5	3	1454
19.3	3	2	3	58
19.3153	1	5	3	1454
19.3153	1	5	3	1454
19.3153	1	5	3	1454
19.3153	1	5	3	1454
19.3153	1	5	3	1454
19.3153	1	5	3	1454
19.3153	1	5	3	1454
19.3443	1	5	3	1454
19.3443	1	5	3	1454
19.3443	1	5	3	1454
19.3443	1	5	3	1454
19.3443	1	5	3	1454
19.3443	1	5	3	1454
19.3443	1	5	3	1454
19.3443	1	5	3	1454
19.3673	1	5	3	1454
19.3673	1	5	3	1454
19.3673	1	5	3	1454
19.3673	1	5	3	1454
19.3673	1	5	3	1454
19.3673	1	5	3	1454
19.3673	1	5	3	1454
19.3914	1	5	3	1454
19.3914	1	5	3	1454
19.3914	1	5	3	1454
19.3914	1	5	3	1454
19.3914	1	5	3	1454
19.3914	1	5	3	1454
19.3914	1	5	3	1454
19.3914	1	5	3	1454
19.3972	1	5	3	1454
19.3972	1	5	3	1454
19.4	1	3	3	58
19.4154	1	5	3	1454
19.4154	1	5	3	1454
19.4154	1	5	3	1454
19.4363	1	5	3	1454
19.4363	1	5	3	1454
19.4363	1	5	3	1454
19.4372	1	5	3	1454
19.4584	1	5	3	1454
19.4584	1	5	3	1454
19.4584	1	5	3	1454
19.4584	1	5	3	1454
19.4803	1	5	3	1454
19.4803	1	5	3	1454
19.4803	1	5	3	1454
19.4803	1	5	3	1454
19.4803	1	5	3	1454
19.4803	1	5	3	1454
19.5	1	4	3	58
19.5083	1	5	3	1454
19.5083	1	5	3	1454
19.5083	1	5	3	1454
19.5083	1	5	3	1454
19.5083	1	5	3	1454
19.5083	1	5	3	1454
19.5362	1	5	3	1454
19.5362	1	5	3	1454
19.5382	1	5	3	1454
19.5382	1	5	3	1454
19.5382	1	5	3	1454
19.5382	1	5	3	1454
19.5642	1	5	3	1454
19.5642	1	5	3	1454
19.5642	1	5	3	1454
19.5642	1	5	3	1454
19.5642	1	5	3	1454
19.5642	1	5	3	1454
19.5912	1	5	3	1454
19.5912	1	5	3	1454
19.5922	1	5	3	1454
19.5922	1	5	3	1454
19.5932	1	5	3	1454
19.5932	1	5	3	1454
19.6192	1	5	3	1454
19.6192	1	5	3	1454
19.6192	1	5	3	1454
19.6192	1	5	3	1454
19.6192	1	5	3	1454
19.6192	1	5	3	1454
19.6192	1	5	3	1454
19.6483	1	5	3	1454
19.6483	1	5	3	1454
19.6483	1	5	3	1454
19.6483	1	5	3	1454
19.6483	1	5	3	1454
19.6483	1	5	3	1454
19.6763	1	5	3	1454
19.6763	1	5	3	1454
19.6763	1	5	3	1454
19.6763	1	5	3	1454
19.6763	1	5	3	1454
19.6763	1	5	3	1454
19.6763	1	5	3	1454
19.7003	1	5	3	1454
19.7003	1	5	3	1454
19.7003	1	5	3	1454
19.7003	1	5	3	1454
19.7003	1	5	3	1454
19.7003	1	5	3	1454
19.7062	1	5	3	1454
19.7062	1	5	3	1454
19.7233	1	5	3	1454
19.7233	1	5	3	1454
19.7233	1	5	3	1454
19.7233	1	5	3	1454
19.7233	1	5	3	1454
19.7233	1	5	3	1454
19.7233	1	5	3	1454
19.7515	1	5	3	1454
19.7515	1	5	3	1454
19.7515	1	5	3	1454
19.7515	1	5	3	1454
19.7515	1	5	3	1454
19.7515	1	5	3	1454
19.7515	1	5	3	1454
19.7515	1	5	3	1454
19.7515	1	5	3	1454
19.7515	1	5	3	1454
19.7804	1	5	3	1454
19.7804	1	5	3	1454
19.7804	1	5	3	1454
19.8063	1	5	3	1454
19.8063	1	5	3	1454
19.8063	1	5	3	1454
19.8063	1	5	3	1454
19.8273	1	5	3	1454
19.8273	1	5	3	1454
19.8332	1	5	3	1454
19.8342	1	5	3	1454
19.8503	1	5	3	1454
19.8503	1	5	3	1454
19.8503	1	5	3	1454
19.8612	1	5	3	1454
19.8612	1	5	3	1454
19.8692	1	5	3	1454
19.8692	1	5	3	1454
19.8752	1	5	3	1454
19.8752	1	5	3	1454
19.8892	1	5	3	1454
19.8892	1	5	3	1454
19.8902	1	5	3	1454
19.8902	1	5	3	1454
19.9162	1	5	3	1454
19.9162	1	5	3	1454
19.9162	1	5	3	1454
19.9172	1	5	3	1454
19.9172	1	5	3	1454
19.9382	1	5	3	1454
19.9382	1	5	3	1454
19.9442	1	5	3	1454
19.9442	1	5	3	1454
19.9442	1	5	3	1454
19.9442	1	5	3	1454
19.9712	1	5	3	1454
19.9712	1	5	3	1454
19.9722	1	5	3	1454
19.9722	1	5	3	1454
19.9722	1	5	3	1454
19.9722	1	5	3	1454
19.9722	1	5	3	1454
19.9992	1	5	3	1454
19.9992	1	5	3	1454
20	3	5	3	58
20	1	6	3	58
20.0002	1	5	3	1454
20.0002	1	5	3	1454
20.0002	1	5	3	1454
20.0002	1	5	3	1454
20.0263	1	5	3	1454
20.0263	1	5	3	1454
20.0263	1	5	3	1454
20.0263	1	5	3	1454
20.0263	1	5	3	1454
20.0263	1	5	3	1454
20.0263	1	5	3	1454
20.0553	1	5	3	1454
20.0553	1	5	3	1454
20.0553	1	5	3	1454
20.0553	1	5	3	1454
20.0553	1	5	3	1454
20.0553	1	5	3	1454
20.0562	1	5	3	1454
20.0562	1	5	3	1454
20.0782	1	5	3	1454
20.0782	1	5	3	1454
20.0792	1	5	3	1454
20.0792	1	5	3	1454
20.0792	1	5	3	1454
20.0792	1	5	3	1454
20.0792	1	5	3	1454
20.1	1	7	3	58
20.1075	1	5	3	1454
20.1075	1	5	3	1454
20.1075	1	5	3	1454
20.1075	1	5	3	1454
20.1075	1	5	3	1454
20.1075	1	5	3	1454
20.1075	1	5	3	1454
20.1075	1	5	3	1454
20.1075	1	5	3	1454
20.1082	1	5	3	1454
20.1364	1	5	3	1454
20.1364	1	5	3	1454
20.1364	1	5	3	1454
20.1573	1	5	3	1454
20.1573	1	5	3	1454
20.1573	1	5	3	1454
20.1573	1	5	3	1454
20.1794	1	5	3	1454
20.1794	1	5	3	1454
20.1794	1	5	3	1454
20.1794	1	5	3	1454
20.2	1	8	3	58
20.2063	1	5	3	1454
20.2063	1	5	3	1454
20.2063	1	5	3	1454
20.2063	1	5	3	1454
20.2063	1	5	3	1454
20.2293	1	5	3	1454
20.2293	1	5	3	1454
20.2302	1	5	3	1454
20.2302	1	5	3	1454
20.2562	1	5	3	1454
20.2562	1	5	3	1454
20.2572	1	5	3	1454
20.2572	1	5	3	1454
20.2832	1	5	3	1454
20.2832	1	5	3	1454
20.2832	1	5	3	1454
20.2842	1	5	3	1454
20.2842	1	5	3	1454
20.3113	1	5	3	1454
20.3113	1	5	3	1454
20.3113	1	5	3	1454
20.3113	1	5	3	1454
20.3113	1	5	3	1454
20.3113	1	5	3	1454
20.3392	1	5	3	1454
20.3392	1	5	3	1454
20.3402	1	5	3	1454
20.3402	1	5	3	1454
20.3402	1	5	3	1454
20.3402	1	5	3	1454
20.3402	1	5	3	1454
20.3633	1	5	3	1454
20.3633	1	5	3	1454
20.3633	1	5	3	1454
20.3633	1	5	3	1454
20.3633	1	5	3	1454
20.3633	1	5	3	1454
20.3863	1	5	3	1454
20.3863	1	5	3	1454
20.3863	1	5	3	1454
20.3863	1	5	3	1454
20.3863	1	5	3	1454
20.3863	1	5	3	1454
20.3863	1	5	3	1454
20.4	3	7	3	58
20.4153	1	5	3	1454
20.4153	1	5	3	1454
20.4153	1	5	3	1454
20.4153	1	5	3	1454
20.4153	1	5	3	1454
20.4153	1	5	3	1454
20.4153	1	5	3	1454
20.4153	1	5	3	1454
20.4443	1	5	3	1454
20.4443	1	5	3	1454
20.4443	1	5	3	1454
20.4443	1	5	3	1454
20.4443	1	5	3	1454
20.4443	1	5	3	1454
20.4443	1	5	3	1454
20.4724	1	5	3	1454
20.4724	1	5	3	1454
20.4724	1	5	3	1454
20.4724	1	5	3	1454
20.4724	1	5	3	1454
20.4724	1	5	3	1454
20.4724	1	5	3	1454
20.4724	1	5	3	1454
20.4732	1	5	3	1454
20.4732	1	5	3	1454
20.5014	1	5	3	1454
20.5014	1	5	3	1454
20.5014	1	5	3	1454
20.5223	1	5	3	1454
20.5223	1	5	3	1454
20.5223	1	5	3	1454
20.5282	1	5	3	1454
20.5483	1	5	3	1454
20.5483	1	5	3	1454
20.5483	1	5	3	1454
20.5492	1	5	3	1454
20.5753	1	5	3	1454
20.5753	1	5	3	1454
20.5753	1	5	3	1454
20.5753	1	5	3	1454
20.5753	1	5	3	1454
20.6022	1	5	3	1454
20.6022	1	5	3	1454
20.6022	1	5	3	1454
20.6022	1	5	3	1454
20.6232	1	5	3	1454
20.6232	1	5	3	1454
20.6292	1	5	3	1454
20.6292	1	5	3	1454
20.6502	1	5	3	1454
20.6502	1	5	3	1454
20.6502	1	5	3	1454
20.6542	1	5	3	1454
20.6542	1	5	3	1454
20.6782	1	5	3	1454
20.6782	1	5	3	1454
20.6792	1	5	3	1454
20.6792	1	5	3	1454
20.6792	1	5	3	1454
20.6792	1	5	3	1454
20.7062	1	5	3	1454
20.7062	1	5	3	1454
20.7072	1	5	3	1454
20.7072	1	5	3	1454
20.7072	1	5	3	1454
20.7072	1	5	3	1454
20.7072	1	5	3	1454
20.7353	1	5	3	1454
20.7353	1	5	3	1454
20.7353	1	5	3	1454
20.7353	1	5	3	1454
20.7353	1	5	3	1454
20.7353	1	5	3	1454
20.7633	1	5	3	1454
20.7633	1	5	3	1454
20.7633	1	5	3	1454
20.7633	1	5	3	1454
20.7633	1	5	3	1454
20.7633	1	5	3	1454
20.7633	1	5	3	1454
20.7913	1	5	3	1454
20.7913	1	5	3	1454
20.7913	1	5	3	1454
20.7913	1	5	3	1454
20.7913	1	5	3	1454
20.7913	1	5	3	1454
20.7932	1	5	3	1454
20.7932	1	5	3	1454
20.8153	1	5	3	1454
20.8153	1	5	3	1454
20.8153	1	5	3	1454
20.8153	1	5	3	1454
20.8153	1	5	3	1454
20.8153	1	5	3	1454
20.8153	1	5	3	1454
20.8445	1	5	3	1454
20.8445	1	5	3	1454
20.8445	1	5	3	1454
20.8445	1	5	3	1454
20.8445	1	5	3	1454
20.8445	1	5	3	1454
20.8445	1	5	3	1454
20.8445	1	5	3	1454
20.8445	1	5	3	1454
20.8445	1	5	3	1454
20.8724	1	5	3	1454
20.8724	1	5	3	1454
20.8724	1	5	3	1454
20.8983	1	5	3	1454
20.8983	1	5	3	1454
20.8983	1	5	3	1454
20.8983	1	5	3	1454
20.9254	1	5	3	1454
20.9254	1	5	3	1454
20.9254	1	5	3	1454
20.9254	1	5	3	1454
20.9513	1	5	3	1454
20.9513	1	5	3	1454
20.9513	1	5	3	1454
20.9532	1	5	3	1454
20.9532	1	5	3	1454
20.9732	1	5	3	1454
20.9732	1	5	3	1454
20.9792	1	5	3	1454
20.9792	1	5	3	1454
21.0012	1	5	3	1454
21.0012	1	5	3	1454
21.0042	1	5	3	1454
21.0042	1	5	3	1454
21.0282	1	5	3	1454
21.0282	1	5	3	1454
21.0282	1	5	3	1454
21.0292	1	5	3	1454
21.0292	1	5	3	1454
21.0552	1	5	3	1454
21.0552	1	5	3	1454
21.0552	1	5	3	1454
21.0552	1	5	3	1454
21.0552	1	5	3	1454
21.0552	1	5	3	1454
21.0832	1	5	3	1454
21.0832	1	5	3	1454
21.0842	1	5	3	1454
21.0842	1	5	3	1454
21.0842	1	5	3	1454
21.0842	1	5	3	1454
21.0842	1	5	3	1454
21.1063	1	5	3	1454
21.1063	1	5	3	1454
21.1063	1	5	3	1454
21.1063	1	5	3	1454
21.1063	1	5	3	1454
21.1063	1	5	3	1454
21.1293	1	5	3	1454
21.1293	1	5	3	1454
21.1293	1	5	3	1454
21.1293	1	5	3	1454
21.1293	1	5	3	1454
21.1293	1	5	3	1454
21.1293	1	5	3	1454
21.1543	1	5	3	1454
21.1543	1	5	3	1454
21.1543	1	5	3	1454
21.1543	1	5	3	1454
21.1543	1	5	3	1454
21.1543	1	5	3	1454
21.1602	1	5	3	1454
21.1602	1	5	3	1454
21.1833	1	5	3	1454
21.1833	1	5	3	1454
21.1833	1	5	3	1454
21.1833	1	5	3	1454
21.1833	1	5	3	1454
21.1833	1	5	3	1454
21.1833	1	5	3	1454
21.2125	1	5	3	1454
21.2125	1	5	3	1454
21.2125	1	5	3	1454
21.2125	1	5	3	1454
21.2125	1	5	3	1454
21.2125	1	5	3	1454
21.2125	1	5	3	1454
21.2125	1	5	3	1454
21.2125	1	5	3	1454
21.2132	1	5	3	1454
21.2414	1	5	3	1454
21.2414	1	5	3	1454
21.2414	1	5	3	1454
21.2673	1	5	3	1454
21.2673	1	5	3	1454
21.2673	1	5	3	1454
21.2682	1	5	3	1454
21.2944	1	5	3	1454
21.2944	1	5	3	1454
21.2944	1	5	3	1454
21.2944	1	5	3	1454
21.3163	1	5	3	1454
21.3163	1	5	3	1454
21.3163	1	5	3	1454
21.3163	1	5	3	1454
21.3163	1	5	3	1454
21.3382	1	5	3	1454
21.3382	1	5	3	1454
21.3442	1	5	3	1454
21.3442	1	5	3	1454
21.3612	1	5	3	1454
21.3612	1	5	3	1454
21.3682	1	5	3	1454
21.3682	1	5	3	1454
21.3892	1	5	3	1454
21.3892	1	5	3	1454
21.3892	1	5	3	1454
21.3922	1	5	3	1454
21.3922	1	5	3	1454
21.4162	1	5	3	1454
21.4162	1	5	3	1454
21.4172	1	5	3	1454
21.4172	1	5	3	1454
21.4172	1	5	3	1454
21.4172	1	5	3	1454
21.4442	1	5	3	1454
21.4442	1	5	3	1454
21.4452	1	5	3	1454
21.4452	1	5	3	1454
21.4452	1	5	3	1454
21.4452	1	5	3	1454
21.4452	1	5	3	1454
21.4702	1	5	3	1454
21.4702	1	5	3	1454
21.4732	1	5	3	1454
21.4732	1	5	3	1454
21.4732	1	5	3	1454
21.4732	1	5	3	1454
21.4973	1	5	3	1454
21.4973	1	5	3	1454
21.4973	1	5	3	1454
21.4973	1	5	3	1454
21.4973	1	5	3	1454
21.4973	1	5	3	1454
21.4973	1	5	3	1454
21.5263	1	5	3	1454
21.5263	1	5	3	1454
21.5263	1	5	3	1454
21.5263	1	5	3	1454
21.5263	1	5	3	1454
21.5263	1	5	3	1454
21.5272	1	5	3	1454
21.5272	1	5	3	1454
21.5553	1	5	3	1454
21.5553	1	5	3	1454
21.5553	1	5	3	1454
21.5553	1	5	3	1454
21.5553	1	5	3	1454
21.5553	1	5	3	1454
21.5553	1	5	3	1454
21.5845	1	5	3	1454
21.5845	1	5	3	1454
21.5845	1	5	3	1454
21.5845	1	5	3	1454
21.5845	1	5	3	1454
21.5845	1	5	3	1454
21.5845	1	5	3	1454
21.5845	1	5	3	1454
21.5845	1	5	3	1454
21.5852	1	5	3	1454
21.6074	1	5	3	1454
21.6074	1	5	3	1454
21.6074	1	5	3	1454
21.6333	1	5	3	1454
21.6333	1	5	3	1454
21.6333	1	5	3	1454
21.6342	1	5	3	1454
21.6554	1	5	3	1454
21.6554	1	5	3	1454
21.6554	1	5	3	1454
21.6554	1	5	3	1454
21.6773	1	5	3	1454
21.6773	1	5	3	1454
21.6773	1	5	3	1454
21.6773	1	5	3	1454
21.6773	1	5	3	1454
21.7042	1	5	3	1454
21.7042	1	5	3	1454
21.7052	1	5	3	1454
21.7052	1	5	3	1454
21.7312	1	5	3	1454
21.7312	1	5	3	1454
21.7322	1	5	3	1454
21.7322	1	5	3	1454
21.7582	1	5	3	1454
21.7582	1	5	3	1454
21.7582	1	5	3	1454
21.7592	1	5	3	1454
21.7592	1	5	3	1454
21.7852	1	5	3	1454
21.7852	1	5	3	1454
21.7852	1	5	3	1454
21.7852	1	5	3	1454
21.7852	1	5	3	1454
21.7852	1	5	3	1454
21.8132	1	5	3	1454
21.8132	1	5	3	1454
21.8142	1	5	3	1454
21.8142	1	5	3	1454
21.8142	1	5	3	1454
21.8142	1	5	3	1454
21.8142	1	5	3	1454
21.8413	1	5	3	1454
21.8413	1	5	3	1454
21.8413	1	5	3	1454
21.8413	1	5	3	1454
21.8413	1	5	3	1454
21.8413	1	5	3	1454
21.8693	1	5	3	1454
21.8693	1	5	3	1454
21.8693	1	5	3	1454
21.8693	1	5	3	1454
21.8693	1	5	3	1454
21.8693	1	5	3	1454
21.8693	1	5	3	1454
21.8983	1	5	3	1454
21.8983	1	5	3	1454
21.8983	1	5	3	1454
21.8983	1	5	3	1454
21.8983	1	5	3	1454
21.8983	1	5	3	1454
21.8992	1	5	3	1454
21.8992	1	5	3	1454
21.9273	1	5	3	1454
21.9273	1	5	3	1454
21.9273	1	5	3	1454
21.9273	1	5	3	1454
21.9273	1	5	3	1454
21.9273	1	5	3	1454
21.9273	1	5	3	1454
21.9564	1	5	3	1454
21.9564	1	5	3	1454
21.9564	1	5	3	1454
21.9564	1	5	3	1454
21.9564	1	5	3	1454
21.9564	1	5	3	1454
21.9564	1	5	3	1454
21.9564	1	5	3	1454
21.9564	1	5	3	1454
21.9582	1	5	3	1454
21.9854	1	5	3	1454
21.9854	1	5	3	1454
21.9854	1	5	3	1454
22.0113	1	5	3	1454
22.0113	1	5	3	1454
22.0113	1	5	3	1454
22.0122	1	5	3	1454
22.0384	1	5	3	1454
22.0384	1	5	3	1454
22.0384	1	5	3	1454
22.0384	1	5	3	1454
22.0653	1	5	3	1454
22.0653	1	5	3	1454
22.0653	1	5	3	1454
22.0653	1	5	3	1454
22.0653	1	5	3	1454
22.0922	1	5	3	1454
22.0922	1	5	3	1454
22.0932	1	5	3	1454
22.0932	1	5	3	1454
22.1192	1	5	3	1454
22.1192	1	5	3	1454
22.1202	1	5	3	1454
22.1202	1	5	3	1454
22.1412	1	5	3	1454
22.1412	1	5	3	1454
22.1412	1	5	3	1454
22.1472	1	5	3	1454
22.1472	1	5	3	1454
22.1692	1	5	3	1454
22.1692	1	5	3	1454
22.1702	1	5	3	1454
22.1702	1	5	3	1454
22.1722	1	5	3	1454
22.1722	1	5	3	1454
22.1982	1	5	3	1454
22.1982	1	5	3	1454
22.1992	1	5	3	1454
22.1992	1	5	3	1454
22.1992	1	5	3	1454
22.1992	1	5	3	1454
22.1992	1	5	3	1454
22.2273	1	5	3	1454
22.2273	1	5	3	1454
22.2273	1	5	3	1454
22.2273	1	5	3	1454
22.2273	1	5	3	1454
22.2273	1	5	3	1454
22.2553	1	5	3	1454
22.2553	1	5	3	1454
22.2553	1	5	3	1454
22.2553	1	5	3	1454
22.2553	1	5	3	1454
22.2553	1	5	3	1454
22.2553	1	5	3	1454
22.2843	1	5	3	1454
22.2843	1	5	3	1454
22.2843	1	5	3	1454
22.2843	1	5	3	1454
22.2843	1	5	3	1454
22.2843	1	5	3	1454
22.2843	1	5	3	1454
22.2843	1	5	3	1454
22.3072	1	5	3	1454
22.3072	1	5	3	1454
22.3132	1	5	3	1454
22.3132	1	5	3	1454
22.3132	1	5	3	1454
22.3132	1	5	3	1454
22.3132	1	5	3	1454
22.3373	1	5	3	1454
22.3373	1	5	3	1454
22.3373	1	5	3	1454
22.3404	1	5	3	1454
22.3404	1	5	3	1454
22.3404	1	5	3	1454
22.3404	1	5	3	1454
22.3404	1	5	3	1454
22.3404	1	5	3	1454
22.3412	1	5	3	1454
22.3674	1	5	3	1454
22.3674	1	5	3	1454
22.3674	1	5	3	1454
22.3922	1	5	3	1454
22.3922	1	5	3	1454
22.3932	1	5	3	1454
22.3942	1	5	3	1454
22.4194	1	5	3	1454
22.4194	1	5	3	1454
22.4194	1	5	3	1454
22.4194	1	5	3	1454
22.4413	1	5	3	1454
22.4413	1	5	3	1454
22.4413	1	5	3	1454
22.4413	1	5	3	1454
22.4413	1	5	3	1454
22.4682	1	5	3	1454
22.4682	1	5	3	1454
22.4692	1	5	3	1454
22.4692	1	5	3	1454
22.4952	1	5	3	1454
22.4952	1	5	3	1454
22.4962	1	5	3	1454
22.4962	1	5	3	1454
22.5222	1	5	3	1454
22.5222	1	5	3	1454
22.5222	1	5	3	1454
22.5222	1	5	3	1454
22.5222	1	5	3	1454
22.5492	1	5	3	1054
22.5752	1	5	3	54
