Time(sec)	CellId	BwpId	IMSI	pathLoss(dB)
0.0179286	1	0	0	-119.394
0.0179286	1	0	1	-106.093
0.0179286	1	0	2	-103.117
0.0179286	1	0	3	-113.268
0.0179286	3	0	4	-104.206
0.0179286	3	0	5	-90.2785
0.0179286	3	0	6	-103.227
0.0179286	1	0	7	-107.587
0.0179286	1	0	8	-118.932
0.0179286	3	0	9	-106.957
0.0368571	1	0	7	-107.44
0.0448571	3	0	6	-102.984
0.0488571	3	0	4	-104.3
0.0518571	1	0	1	-106.157
0.0628571	1	0	0	-119.464
0.0778571	1	0	3	-113.11
0.0808571	1	0	8	-118.742
0.0838571	3	0	9	-107.11
0.0968571	1	0	2	-103.161
0.0968571	3	0	5	-90.2382
0.116857	1	0	7	-107.911
0.124857	3	0	6	-102.952
0.128857	3	0	4	-104.359
0.131857	1	0	1	-106.176
0.142857	1	0	0	-119.092
0.157857	1	0	3	-113.477
0.160857	1	0	8	-119.021
0.163857	3	0	9	-106.779
0.176857	1	0	2	-103.357
0.176857	3	0	5	-90.1502
0.196857	1	0	7	-108.136
0.204857	3	0	6	-103.022
0.208857	3	0	4	-104.805
0.211857	1	0	1	-106.447
0.222857	1	0	0	-119.021
0.237857	1	0	3	-113.538
0.240857	1	0	8	-118.984
0.243857	3	0	9	-106.536
0.256857	1	0	2	-103.243
0.256857	3	0	5	-90.308
0.276857	1	0	7	-108.599
0.284857	3	0	6	-102.766
0.288857	3	0	4	-104.48
0.291857	1	0	1	-105.877
0.302857	1	0	0	-118.841
0.317857	1	0	3	-113.838
0.320857	1	0	8	-118.685
0.323857	3	0	9	-106.621
0.336857	1	0	2	-103.143
0.336857	3	0	5	-90.3633
0.356857	1	0	7	-108.924
0.364857	3	0	6	-102.92
0.368857	3	0	4	-104.232
0.371857	1	0	1	-106.448
0.382857	1	0	0	-118.898
0.397857	1	0	3	-113.663
0.400857	1	0	8	-118.665
0.403857	3	0	9	-106.844
0.416857	1	0	2	-103.205
0.416857	3	0	5	-90.1707
0.436857	1	0	7	-109.37
0.444857	3	0	6	-102.77
0.448857	3	0	4	-104.143
0.451857	1	0	1	-106.286
0.462857	1	0	0	-119.035
0.477857	1	0	3	-113.973
0.480857	1	0	8	-119.497
0.483857	3	0	9	-107.073
0.496857	1	0	2	-103.501
0.496857	3	0	5	-89.984
0.516857	1	0	7	-109.841
0.524857	3	0	6	-102.797
0.528857	3	0	4	-103.91
0.531857	1	0	1	-105.731
0.542857	1	0	0	-118.783
0.557857	1	0	3	-114.178
0.560857	1	0	8	-119.259
0.563857	3	0	9	-106.888
0.576857	1	0	2	-103.428
0.576857	3	0	5	-89.9521
0.596857	1	0	7	-110.133
0.604857	3	0	6	-102.725
0.608857	3	0	4	-104.074
0.611857	1	0	1	-105.268
0.622857	1	0	0	-118.565
0.637857	1	0	3	-114.202
0.640857	1	0	8	-119.528
0.643857	3	0	9	-107.028
0.656857	1	0	2	-103.395
0.656857	3	0	5	-89.5739
0.676857	1	0	7	-109.813
0.684857	3	0	6	-103.136
0.688857	3	0	4	-104.138
0.691857	1	0	1	-105.258
0.702857	1	0	0	-118.381
0.717857	1	0	3	-114.054
0.720857	1	0	8	-119.591
0.723857	3	0	9	-107.011
0.736857	1	0	2	-103.524
0.736857	3	0	5	-89.492
0.756857	1	0	7	-109.195
0.764857	3	0	6	-102.993
0.768857	3	0	4	-103.791
0.771857	1	0	1	-105.704
0.782857	1	0	0	-118.594
0.797857	1	0	3	-114.115
0.800857	1	0	8	-119.773
0.803857	3	0	9	-107.078
0.816857	1	0	2	-103.745
0.816857	3	0	5	-89.2928
0.836857	1	0	7	-109.706
0.844857	3	0	6	-103.216
0.848857	3	0	4	-103.824
0.851857	1	0	1	-105.998
0.862857	1	0	0	-118.103
0.877857	1	0	3	-114.184
0.880857	1	0	8	-120.216
0.883857	3	0	9	-107.686
0.896857	1	0	2	-103.935
0.896857	3	0	5	-89.2058
0.916857	1	0	7	-109.449
0.924857	3	0	6	-103.135
0.928857	3	0	4	-103.967
0.931857	1	0	1	-105.969
0.942857	1	0	0	-117.756
0.957857	1	0	3	-113.982
0.960857	1	0	8	-119.938
0.963857	3	0	9	-108.021
0.976857	1	0	2	-104.179
0.976857	3	0	5	-89.3023
0.996857	1	0	7	-109.422
1.00293	1	0	0	-117.629
1.00486	3	0	6	-102.76
1.00786	1	0	0	-117.646
1.00886	3	0	4	-103.825
1.01186	1	0	1	-105.964
1.01286	1	0	0	-117.718
1.02093	1	0	0	-117.568
1.02193	1	0	0	-117.571
1.02286	1	0	0	-117.546
1.02593	1	0	0	-117.59
1.02693	1	0	0	-117.612
1.03186	1	0	0	-117.594
1.03686	1	0	0	-117.69
1.03786	1	0	3	-114.082
1.04086	1	0	8	-119.663
1.04207	1	0	0	-117.702
1.04307	1	0	0	-117.692
1.04386	3	0	9	-108.212
1.04407	1	0	0	-117.647
1.04507	1	0	0	-117.714
1.04607	1	0	0	-117.725
1.04707	1	0	0	-117.738
1.04807	1	0	0	-117.718
1.04907	1	0	0	-117.718
1.05007	1	0	0	-117.727
1.05107	1	0	0	-117.698
1.05207	1	0	0	-117.727
1.05307	1	0	0	-117.719
1.05407	1	0	0	-117.719
1.05507	1	0	0	-117.705
1.05607	1	0	0	-117.717
1.05686	1	0	2	-104.371
1.05686	3	0	5	-89.441
1.05707	1	0	0	-117.753
1.05807	1	0	0	-117.771
1.05907	1	0	0	-117.755
1.06007	1	0	0	-117.782
1.06114	1	0	0	-117.789
1.06207	1	0	0	-117.76
1.06393	1	0	0	-117.774
1.06493	1	0	0	-117.79
1.06593	1	0	0	-117.809
1.06693	1	0	0	-117.798
1.06707	1	0	0	-117.795
1.06793	1	0	0	-117.774
1.06893	1	0	0	-117.757
1.06993	1	0	0	-117.781
1.07093	1	0	0	-117.763
1.07193	1	0	0	-117.801
1.07293	1	0	0	-117.829
1.07393	1	0	0	-117.805
1.07486	1	0	0	-117.819
1.07686	1	0	7	-109.644
1.07986	1	0	0	-117.843
1.08486	3	0	6	-102.65
1.08507	1	0	0	-117.732
1.08607	1	0	0	-117.766
1.08707	1	0	0	-117.776
1.08807	1	0	0	-117.747
1.08886	3	0	4	-103.687
1.08907	1	0	0	-117.75
1.09007	1	0	0	-117.783
1.09107	1	0	0	-117.792
1.09186	1	0	1	-105.706
1.09207	1	0	0	-117.788
1.09307	1	0	0	-117.753
1.09407	1	0	0	-117.75
1.09507	1	0	0	-117.732
1.09614	1	0	0	-117.719
1.09707	1	0	0	-117.745
1.09807	1	0	0	-117.733
1.09893	1	0	0	-117.751
1.09907	1	0	0	-117.76
1.09993	1	0	0	-117.763
1.10007	1	0	0	-117.771
1.10107	1	0	0	-117.78
1.10286	1	0	0	-117.713
1.10293	1	0	1	-105.855
1.10307	1	0	0	-117.718
1.10407	1	0	0	-117.717
1.10586	1	0	0	-117.725
1.10607	1	0	0	-117.729
1.10779	1	0	0	-117.771
1.10786	1	0	1	-105.865
1.11086	1	0	0	-117.814
1.11593	1	0	1	-105.747
1.11693	1	0	1	-105.749
1.11786	1	0	3	-114.431
1.12086	1	0	8	-120.039
1.12186	1	0	1	-105.73
1.12386	3	0	9	-108.401
1.12707	1	0	1	-105.707
1.12807	1	0	1	-105.725
1.12907	1	0	1	-105.636
1.13007	1	0	1	-105.598
1.13186	1	0	1	-105.596
1.13307	1	0	1	-105.682
1.13407	1	0	1	-105.712
1.13507	1	0	1	-105.651
1.13686	1	0	2	-104.452
1.13686	3	0	5	-89.3493
1.13893	1	0	1	-105.709
1.13993	1	0	1	-105.708
1.14486	1	0	1	-105.786
1.15007	1	0	1	-105.785
1.15107	1	0	1	-105.731
1.15207	1	0	1	-105.763
1.15307	1	0	1	-105.781
1.15486	1	0	1	-105.888
1.15607	1	0	1	-105.952
1.15686	1	0	7	-109.403
1.15707	1	0	1	-105.932
1.15807	1	0	1	-105.88
1.16193	1	0	1	-105.776
1.16293	1	0	1	-105.791
1.16486	3	0	6	-102.555
1.16786	1	0	1	-105.717
1.16886	3	0	4	-103.335
1.17186	1	0	1	-105.714
1.17307	1	0	1	-105.734
1.17407	1	0	1	-105.701
1.17507	1	0	1	-105.7
1.17607	1	0	1	-105.756
1.17786	1	0	1	-105.835
1.17907	1	0	1	-105.797
1.18007	1	0	1	-105.79
1.18107	1	0	1	-105.823
1.18286	1	0	0	-118.001
1.18493	1	0	1	-105.703
1.18593	1	0	1	-105.733
1.19086	1	0	1	-105.664
1.19607	1	0	1	-105.759
1.19707	1	0	1	-105.702
1.19786	1	0	3	-114.097
1.19807	1	0	1	-105.643
1.19907	1	0	1	-105.755
1.20071	1	0	1	-105.721
1.20086	1	0	8	-120.073
1.20207	1	0	1	-105.746
1.20293	1	0	2	-104.327
1.20293	1	0	0	-117.965
1.20307	1	0	1	-105.732
1.20386	3	0	9	-108.297
1.20393	1	0	0	-117.985
1.20407	1	0	1	-105.776
1.20786	1	0	2	-104.269
1.20793	1	0	0	-117.972
1.20793	1	0	1	-105.826
1.20893	1	0	0	-118.01
1.20893	1	0	1	-105.872
1.21379	1	0	0	-117.945
1.21386	1	0	1	-105.95
1.21593	1	0	2	-104.284
1.21686	3	0	5	-89.518
1.21686	1	0	2	-104.29
1.21693	1	0	2	-104.275
1.21886	1	0	0	-117.921
1.21907	1	0	1	-105.912
1.22007	1	0	1	-105.977
1.22107	1	0	1	-105.985
1.22186	1	0	2	-104.177
1.22207	1	0	1	-105.929
1.22379	1	0	1	-105.932
1.22407	1	0	0	-117.827
1.22507	1	0	0	-117.829
1.2255	1	0	1	-105.982
1.22607	1	0	0	-117.821
1.2265	1	0	1	-105.971
1.22707	1	0	0	-117.826
1.22736	1	0	1	-105.949
1.22764	1	0	2	-104.077
1.22807	1	0	0	-117.778
1.2285	1	0	2	-104.134
1.22907	1	0	0	-117.807
1.23007	1	0	2	-104.149
1.2305	1	0	0	-117.806
1.23107	1	0	2	-104.132
1.2315	1	0	0	-117.844
1.23207	1	0	0	-117.827
1.23271	1	0	2	-104.159
1.23307	1	0	2	-104.163
1.2335	1	0	0	-117.882
1.23407	1	0	0	-117.88
1.2345	1	0	2	-104.197
1.23507	1	0	0	-117.875
1.2355	1	0	2	-104.156
1.23607	1	0	0	-117.891
1.23679	1	0	2	-104.15
1.23686	1	0	7	-108.989
1.23729	1	0	0	-117.886
1.23807	1	0	0	-117.908
1.2395	1	0	0	-117.881
1.23993	1	0	2	-104.071
1.23993	1	0	1	-105.818
1.23993	1	0	0	-117.904
1.2405	1	0	0	-117.941
1.24093	1	0	2	-104.099
1.24093	1	0	1	-105.785
1.24093	1	0	0	-117.934
1.24121	1	0	0	-117.947
1.24193	1	0	2	-104.103
1.24193	1	0	1	-105.74
1.24193	1	0	0	-117.91
1.24229	1	0	0	-117.906
1.24293	1	0	2	-104.098
1.24293	1	0	1	-105.659
1.24293	1	0	0	-117.911
1.24307	1	0	0	-117.906
1.24486	3	0	6	-102.884
1.24493	1	0	0	-117.933
1.24586	1	0	2	-104.17
1.24593	1	0	0	-117.888
1.24693	1	0	0	-117.848
1.24729	1	0	0	-117.861
1.24793	1	0	0	-117.834
1.24886	3	0	4	-103.5
1.24893	1	0	0	-117.851
1.24993	1	0	0	-117.843
1.25086	1	0	0	-117.864
1.25107	1	0	2	-104.223
1.25186	1	0	1	-105.579
1.25207	1	0	2	-104.263
1.25293	1	0	0	-117.884
1.25307	1	0	0	-117.878
1.25379	1	0	2	-104.307
1.25393	1	0	0	-117.869
1.25407	1	0	0	-117.863
1.25586	1	0	0	-117.9
1.25607	1	0	0	-117.909
1.2565	1	0	2	-104.328
1.25707	1	0	0	-117.897
1.2575	1	0	2	-104.335
1.25793	1	0	0	-117.956
1.25821	1	0	0	-117.948
1.25893	1	0	0	-117.942
1.25907	1	0	0	-117.966
1.26093	1	0	2	-104.324
1.2615	1	0	0	-117.945
1.26193	1	0	2	-104.313
1.26243	1	0	0	-117.904
1.26286	1	0	0	-117.922
1.26307	1	0	0	-117.917
1.26407	1	0	0	-117.89
1.26507	1	0	0	-117.905
1.26643	1	0	0	-117.924
1.26686	1	0	2	-104.366
1.26707	1	0	0	-117.886
1.26807	1	0	0	-117.881
1.26893	1	0	0	-117.91
1.26907	1	0	0	-117.915
1.26993	1	0	0	-117.894
1.27007	1	0	0	-117.897
1.2715	1	0	0	-117.923
1.27207	1	0	0	-117.941
1.27307	1	0	0	-118.005
1.2735	1	0	2	-104.415
1.27393	1	0	0	-118.034
1.27407	1	0	2	-104.425
1.27493	1	0	0	-118.032
1.27543	1	0	2	-104.418
1.27786	1	0	3	-113.801
1.27793	1	0	0	-118.083
1.2785	1	0	0	-118.113
1.27893	1	0	0	-118.12
1.27907	1	0	0	-118.123
1.27914	1	0	2	-104.426
1.2805	1	0	2	-104.418
1.28086	1	0	8	-120.192
1.28293	1	0	0	-118.061
1.28293	1	0	2	-104.41
1.28386	3	0	9	-108.128
1.28393	1	0	0	-118.038
1.28393	1	0	2	-104.405
1.28486	1	0	0	-118.005
1.28493	1	0	2	-104.368
1.28507	1	0	0	-117.992
1.2865	1	0	0	-118.026
1.28886	1	0	2	-104.356
1.28986	1	0	0	-118.002
1.29007	1	0	0	-117.999
1.2915	1	0	0	-117.986
1.29407	1	0	2	-104.362
1.29507	1	0	0	-117.983
1.2955	1	0	2	-104.348
1.29607	1	0	0	-117.981
1.29686	3	0	5	-89.3585
1.29686	1	0	2	-104.362
1.29707	1	0	0	-117.917
1.2975	1	0	2	-104.379
1.29807	1	0	0	-117.945
1.29886	1	0	2	-104.438
1.29907	1	0	0	-117.94
1.30007	1	0	2	-104.415
1.3005	1	0	0	-117.912
1.30107	1	0	2	-104.419
1.30114	1	0	0	-117.896
1.30221	1	0	2	-104.416
1.3025	1	0	0	-117.93
1.30293	1	0	3	-113.713
1.30314	1	0	0	-117.912
1.30407	1	0	0	-117.887
1.30493	1	0	2	-104.44
1.30493	1	0	0	-117.889
1.30507	1	0	0	-117.884
1.30593	1	0	2	-104.431
1.30593	1	0	0	-117.904
1.30607	1	0	0	-117.909
1.30693	1	0	2	-104.421
1.30707	1	0	0	-117.926
1.30786	1	0	3	-113.696
1.30807	1	0	0	-117.914
1.30907	1	0	0	-117.921
1.31007	1	0	0	-117.973
1.31107	1	0	0	-117.975
1.31207	1	0	2	-104.451
1.31214	1	0	0	-117.996
1.31307	1	0	0	-117.979
1.31407	1	0	0	-117.976
1.31507	1	0	0	-117.929
1.31686	1	0	7	-109.476
1.31707	1	0	2	-104.549
1.31807	1	0	2	-104.612
1.31893	1	0	0	-117.952
1.31893	1	0	3	-113.698
1.31986	1	0	2	-104.629
1.31993	1	0	3	-113.718
1.31993	1	0	0	-117.962
1.32007	1	0	0	-117.957
1.32193	1	0	0	-117.911
1.32293	1	0	0	-117.942
1.32307	1	0	2	-104.617
1.32407	1	0	0	-117.95
1.32414	1	0	2	-104.62
1.32486	3	0	6	-103.177
1.32486	1	0	3	-113.796
1.32607	1	0	0	-117.898
1.3275	1	0	0	-117.914
1.32793	1	0	2	-104.601
1.32793	1	0	0	-117.908
1.32886	3	0	4	-103.774
1.32893	1	0	2	-104.59
1.32893	1	0	0	-117.908
1.32986	1	0	0	-117.95
1.33007	1	0	3	-113.761
1.33107	1	0	3	-113.749
1.33186	1	0	1	-105.88
1.33193	1	0	2	-104.622
1.33207	1	0	0	-117.924
1.33293	1	0	2	-104.672
1.33307	1	0	0	-117.925
1.33314	1	0	3	-113.739
1.33407	1	0	3	-113.718
1.33507	1	0	0	-117.966
1.3355	1	0	3	-113.765
1.33607	1	0	0	-117.96
1.3365	1	0	3	-113.844
1.33707	1	0	0	-117.961
1.3375	1	0	3	-113.856
1.33807	1	0	3	-113.86
1.33886	1	0	0	-117.975
1.33907	1	0	0	-117.966
1.3395	1	0	3	-113.821
1.34007	1	0	3	-113.826
1.3405	1	0	0	-117.968
1.34107	1	0	3	-113.799
1.3415	1	0	0	-117.998
1.34207	1	0	3	-113.818
1.34243	1	0	0	-118.014
1.34286	1	0	0	-117.999
1.34307	1	0	0	-117.999
1.3435	1	0	3	-113.825
1.34407	1	0	3	-113.829
1.3445	1	0	0	-117.967
1.34507	1	0	0	-117.97
1.34586	1	0	3	-113.81
1.34607	1	0	0	-117.947
1.34707	1	0	0	-117.964
1.3485	1	0	0	-117.994
1.34907	1	0	0	-117.992
1.35014	1	0	0	-118.051
1.35093	1	0	3	-113.863
1.35093	1	0	0	-118.047
1.35107	1	0	0	-118.035
1.35193	1	0	3	-113.8
1.35193	1	0	0	-118.048
1.35207	1	0	0	-118.049
1.35307	1	0	0	-118.026
1.35407	1	0	0	-118.05
1.35507	1	0	0	-118.052
1.35607	1	0	0	-118.079
1.35707	1	0	0	-118.089
1.35786	1	0	3	-113.739
1.35807	1	0	0	-118.131
1.35986	1	0	3	-113.675
1.36086	1	0	8	-119.753
1.36107	1	0	0	-118.139
1.36193	1	0	0	-118.121
1.36214	1	0	0	-118.108
1.36293	1	0	0	-118.099
1.36386	3	0	9	-108.045
1.36393	1	0	0	-118.068
1.36493	1	0	0	-118.075
1.36507	1	0	3	-113.639
1.36593	1	0	0	-118.038
1.36607	1	0	3	-113.635
1.36707	1	0	0	-118.063
1.36714	1	0	3	-113.633
1.36807	1	0	0	-118.067
1.3685	1	0	3	-113.66
1.36907	1	0	0	-118.057
1.3695	1	0	3	-113.617
1.37007	1	0	0	-118.039
1.3705	1	0	3	-113.644
1.37107	1	0	0	-118.02
1.3715	1	0	3	-113.656
1.37207	1	0	3	-113.656
1.37286	1	0	0	-118.013
1.37307	1	0	3	-113.686
1.3735	1	0	0	-118.004
1.37407	1	0	3	-113.693
1.3745	1	0	0	-118.02
1.37507	1	0	3	-113.685
1.3755	1	0	0	-117.977
1.37607	1	0	3	-113.68
1.37643	1	0	0	-117.986
1.37686	3	0	5	-89.2867
1.37686	1	0	2	-104.683
1.37707	1	0	0	-117.99
1.3775	1	0	3	-113.705
1.37807	1	0	0	-118.04
1.37814	1	0	3	-113.722
1.37936	1	0	0	-118.005
1.37943	1	0	3	-113.772
1.38086	1	0	0	-118.022
1.38186	1	0	0	-118.011
1.38193	1	0	0	-118.013
1.3825	1	0	0	-118.043
1.38293	1	0	3	-113.719
1.38293	1	0	0	-118.044
1.38386	1	0	0	-118.068
1.38393	1	0	3	-113.707
1.38393	1	0	0	-118.07
1.38486	1	0	0	-118.049
1.38493	1	0	0	-118.039
1.38586	1	0	0	-118.041
1.38686	1	0	0	-118.071
1.38786	1	0	0	-118.103
1.38807	1	0	0	-118.081
1.38886	1	0	3	-113.659
1.38893	1	0	0	-118.06
1.38986	1	0	0	-118.073
1.38993	1	0	0	-118.078
1.39007	1	0	0	-118.087
1.39107	1	0	0	-118.07
1.39193	1	0	0	-118.058
1.39286	1	0	0	-118.041
1.39293	1	0	0	-118.045
1.39314	1	0	0	-118.047
1.39407	1	0	0	-118.066
1.3945	1	0	3	-113.679
1.39507	1	0	0	-118.07
1.39607	1	0	0	-118.017
1.3965	1	0	3	-113.626
1.39686	1	0	7	-109.345
1.39707	1	0	0	-118.05
1.39807	1	0	0	-118.001
1.3985	1	0	3	-113.626
1.39907	1	0	3	-113.667
1.3995	1	0	0	-118.08
1.40007	1	0	0	-118.072
1.4005	1	0	3	-113.668
1.40107	1	0	3	-113.659
1.4015	1	0	0	-118.088
1.40207	1	0	0	-118.062
1.4025	1	0	3	-113.679
1.40293	3	0	4	-104.072
1.40307	1	0	3	-113.709
1.4035	1	0	0	-118.099
1.40407	1	0	0	-118.121
1.4045	1	0	3	-113.68
1.40486	3	0	6	-103.018
1.40507	1	0	3	-113.678
1.4055	1	0	0	-118.124
1.40607	1	0	0	-118.148
1.4065	1	0	3	-113.691
1.40707	1	0	3	-113.667
1.4075	1	0	0	-118.197
1.40786	3	0	4	-104.016
1.40807	1	0	0	-118.192
1.4085	1	0	3	-113.647
1.40886	3	0	4	-104.014
1.40907	1	0	3	-113.624
1.4095	1	0	0	-118.169
1.41007	1	0	0	-118.184
1.4105	1	0	3	-113.632
1.41107	1	0	3	-113.615
1.41143	1	0	0	-118.118
1.41186	1	0	1	-105.801
1.41207	1	0	0	-118.148
1.4125	1	0	3	-113.591
1.41307	1	0	3	-113.638
1.4135	1	0	0	-118.126
1.41407	1	0	0	-118.188
1.41457	1	0	3	-113.653
1.41593	3	0	4	-104.001
1.41693	3	0	4	-104.066
1.4175	1	0	0	-118.209
1.41793	1	0	3	-113.656
1.41793	1	0	0	-118.192
1.4185	1	0	0	-118.172
1.41893	1	0	3	-113.616
1.41893	1	0	0	-118.174
1.41943	1	0	0	-118.171
1.41993	1	0	3	-113.641
1.42186	3	0	4	-104.058
1.42286	1	0	0	-118.104
1.42379	1	0	0	-118.144
1.42386	1	0	3	-113.627
1.42443	1	0	0	-118.177
1.42507	1	0	0	-118.184
1.4265	1	0	0	-118.212
1.42707	3	0	4	-104.116
1.42857	3	0	4	-104.094
1.42886	1	0	0	-118.199
1.42907	1	0	3	-113.6
1.43007	1	0	0	-118.181
1.43107	1	0	3	-113.607
1.4315	1	0	0	-118.161
1.43207	1	0	0	-118.163
1.4325	1	0	3	-113.573
1.43307	1	0	3	-113.57
1.43364	3	0	4	-104.005
1.43386	1	0	0	-118.158
1.43407	1	0	0	-118.145
1.4345	1	0	3	-113.557
1.43507	1	0	0	-118.146
1.43514	1	0	3	-113.542
1.43593	3	0	4	-103.987
1.43607	1	0	3	-113.526
1.43693	3	0	4	-103.986
1.43743	1	0	0	-118.123
1.43786	1	0	3	-113.511
1.43793	3	0	4	-104.009
1.43807	1	0	3	-113.503
1.43864	3	0	4	-103.999
1.43907	1	0	3	-113.506
1.4395	1	0	0	-118.162
1.43993	1	0	3	-113.472
1.44007	1	0	3	-113.466
1.44079	1	0	0	-118.163
1.44086	1	0	8	-119.726
1.44093	1	0	3	-113.422
1.44107	1	0	3	-113.412
1.44186	3	0	4	-104.005
1.44207	1	0	3	-113.399
1.44307	1	0	3	-113.389
1.44386	3	0	9	-107.649
1.44407	3	0	4	-104.027
1.44443	1	0	3	-113.359
1.44529	1	0	3	-113.34
1.44557	3	0	4	-104.03
1.44693	1	0	3	-113.338
1.44707	3	0	4	-104.056
1.44793	1	0	3	-113.364
1.44857	3	0	4	-104.01
1.44893	1	0	3	-113.364
1.44907	3	0	4	-104.023
1.44993	1	0	3	-113.385
1.45093	1	0	3	-113.37
1.45286	1	0	3	-113.389
1.45686	3	0	5	-89.2697
1.45686	1	0	2	-104.768
1.45793	3	0	4	-104.109
1.45807	1	0	3	-113.34
1.45893	3	0	4	-104.159
1.45907	1	0	3	-113.345
1.46007	1	0	3	-113.328
1.46107	1	0	3	-113.38
1.46207	1	0	3	-113.378
1.46307	1	0	3	-113.353
1.46386	3	0	4	-104.139
1.46407	1	0	3	-113.358
1.46507	1	0	3	-113.38
1.46607	1	0	3	-113.395
1.46707	1	0	3	-113.417
1.46807	1	0	3	-113.441
1.46886	3	0	4	-104.155
1.46907	1	0	3	-113.448
1.47064	1	0	3	-113.44
1.47293	1	0	3	-113.475
1.47393	1	0	3	-113.461
1.47407	3	0	4	-104.192
1.47493	1	0	3	-113.461
1.47557	3	0	4	-104.211
1.47686	1	0	7	-109.475
1.48064	3	0	4	-104.126
1.48293	3	0	4	-104.14
1.48393	3	0	4	-104.155
1.48486	3	0	6	-102.631
1.48493	3	0	4	-104.122
1.48886	3	0	4	-104.25
1.48986	3	0	4	-104.247
1.49186	1	0	1	-105.911
1.49507	3	0	4	-104.23
1.49657	3	0	4	-104.171
1.50164	3	0	4	-104.347
1.50193	1	0	0	-118.34
1.50286	1	0	0	-118.293
1.50293	3	0	5	-89.6762
1.50293	1	0	0	-118.294
1.50393	3	0	4	-104.438
1.50493	3	0	4	-104.415
1.50593	3	0	4	-104.444
1.50693	1	0	0	-118.28
1.50786	3	0	5	-89.6165
1.50793	1	0	0	-118.324
1.50893	3	0	4	-104.441
1.50993	3	0	4	-104.45
1.51286	1	0	0	-118.352
1.51486	3	0	4	-104.373
1.51593	3	0	5	-89.6736
1.51693	3	0	5	-89.6235
1.51779	1	0	0	-118.372
1.51786	1	0	3	-113.309
1.52007	3	0	4	-104.359
1.52086	1	0	8	-119.926
1.5215	3	0	4	-104.339
1.52186	3	0	5	-89.651
1.52286	1	0	0	-118.346
1.52386	3	0	9	-107.212
1.52779	3	0	5	-89.6905
1.52807	1	0	0	-118.417
1.52893	3	0	4	-104.467
1.52907	1	0	0	-118.438
1.52993	3	0	4	-104.47
1.52993	3	0	5	-89.7037
1.53007	1	0	0	-118.426
1.53093	3	0	5	-89.678
1.53107	1	0	0	-118.406
1.53207	1	0	0	-118.412
1.53307	1	0	0	-118.363
1.53407	1	0	0	-118.346
1.53507	1	0	0	-118.343
1.53586	3	0	5	-89.7025
1.53593	3	0	5	-89.707
1.53607	1	0	0	-118.339
1.53686	1	0	2	-104.737
1.53686	3	0	5	-89.7216
1.53693	3	0	5	-89.7231
1.53707	1	0	0	-118.35
1.53807	1	0	0	-118.363
1.53907	1	0	0	-118.363
1.54007	1	0	0	-118.359
1.54114	1	0	0	-118.369
1.54186	3	0	5	-89.7784
1.54207	1	0	0	-118.368
1.54307	1	0	0	-118.356
1.54393	3	0	5	-89.8271
1.54407	1	0	0	-118.362
1.54493	3	0	5	-89.8325
1.54507	1	0	0	-118.39
1.54614	1	0	0	-118.383
1.54707	1	0	0	-118.4
1.54779	3	0	5	-89.8466
1.54807	1	0	0	-118.37
1.54893	1	0	0	-118.362
1.54907	1	0	0	-118.37
1.54993	3	0	5	-89.8348
1.54993	1	0	0	-118.365
1.55007	1	0	0	-118.362
1.55093	3	0	5	-89.8208
1.55107	1	0	0	-118.295
1.55207	1	0	0	-118.28
1.55307	1	0	0	-118.29
1.55386	3	0	5	-89.8873
1.55407	1	0	0	-118.234
1.55507	1	0	0	-118.235
1.55593	3	0	5	-89.8805
1.55686	1	0	7	-109.878
1.55693	3	0	5	-89.9198
1.55707	1	0	0	-118.24
1.55893	1	0	0	-118.252
1.55986	3	0	5	-89.9123
1.55993	1	0	0	-118.257
1.56093	1	0	0	-118.262
1.56193	1	0	0	-118.298
1.56193	3	0	5	-89.9152
1.56293	3	0	5	-89.9257
1.56486	3	0	6	-102.84
1.56486	1	0	0	-118.257
1.56579	3	0	5	-89.9521
1.56593	1	0	0	-118.3
1.56693	1	0	0	-118.301
1.56793	3	0	5	-90.0009
1.56886	3	0	4	-104.548
1.56893	3	0	5	-90.0189
1.56986	1	0	0	-118.308
1.57186	1	0	1	-105.883
1.57186	3	0	5	-90.0504
1.57393	3	0	5	-90.0387
1.57493	3	0	5	-90.0718
1.57507	1	0	0	-118.303
1.57607	1	0	0	-118.32
1.57707	1	0	0	-118.329
1.57814	1	0	0	-118.346
1.57986	3	0	5	-90.0374
1.57993	3	0	5	-90.0294
1.58007	1	0	0	-118.291
1.58093	3	0	5	-90.0901
1.58107	1	0	0	-118.304
1.58286	1	0	0	-118.284
1.58307	1	0	0	-118.282
1.58507	1	0	0	-118.237
1.58586	3	0	5	-90.0489
1.58607	1	0	0	-118.271
1.58793	3	0	5	-90.0408
1.58807	1	0	0	-118.279
1.58893	3	0	5	-90.0142
1.59179	3	0	5	-89.996
1.59393	3	0	5	-89.9166
1.59493	3	0	5	-89.9317
1.59786	1	0	3	-112.982
1.59986	3	0	5	-89.9362
1.59993	3	0	5	-89.9333
1.60086	1	0	8	-120.158
1.60093	3	0	5	-89.9564
1.60386	3	0	9	-106.551
1.60586	3	0	5	-89.9661
1.60793	3	0	5	-89.9824
1.60893	3	0	5	-89.9565
1.61093	3	0	6	-102.866
1.61186	3	0	5	-89.9518
1.61393	3	0	5	-89.9523
1.61493	3	0	5	-89.9423
1.61586	3	0	6	-102.874
1.61686	1	0	2	-105.069
1.61686	3	0	5	-89.9114
1.61786	3	0	5	-89.8854
1.61993	3	0	5	-89.8727
1.62093	3	0	5	-89.8603
1.62179	3	0	6	-102.763
1.62386	3	0	5	-89.8624
1.62593	3	0	5	-89.8409
1.62693	3	0	5	-89.8546
1.62786	3	0	6	-102.819
1.62986	3	0	5	-89.8409
1.63193	3	0	5	-89.8391
1.63293	3	0	5	-89.8291
1.63386	3	0	6	-102.832
1.63586	3	0	5	-89.76
1.63686	1	0	7	-109.633
1.63793	3	0	5	-89.7845
1.63893	3	0	5	-89.782
1.63979	3	0	6	-102.847
1.64093	3	0	6	-102.818
1.64186	3	0	5	-89.7589
1.64393	3	0	5	-89.7726
1.64486	3	0	6	-102.842
1.64493	3	0	5	-89.7661
1.64586	3	0	6	-102.845
1.64786	3	0	5	-89.8139
1.64886	3	0	4	-105.131
1.64993	3	0	5	-89.8256
1.65093	3	0	5	-89.8534
1.65186	1	0	1	-106.322
1.65186	3	0	6	-102.927
1.65386	3	0	5	-89.864
1.65493	1	0	0	-118.402
1.65593	1	0	0	-118.391
1.65593	3	0	5	-89.8024
1.65693	3	0	5	-89.8062
1.65786	3	0	6	-102.958
1.65986	3	0	5	-89.8186
1.65993	1	0	0	-118.391
1.66093	1	0	0	-118.396
1.66193	3	0	5	-89.8658
1.66286	1	0	0	-118.364
1.66293	3	0	5	-89.8463
1.66379	3	0	6	-102.98
1.66586	1	0	0	-118.371
1.66586	3	0	5	-89.8482
1.66793	3	0	5	-89.8409
1.66893	3	0	5	-89.8416
1.66986	3	0	6	-103.014
1.67086	1	0	0	-118.33
1.67093	3	0	6	-103.001
1.67186	3	0	5	-89.8631
1.67393	3	0	5	-89.844
1.67493	3	0	5	-89.8243
1.67586	3	0	6	-102.982
1.67586	1	0	0	-118.354
1.67786	1	0	3	-113.284
1.67786	3	0	5	-89.8318
1.67993	3	0	5	-89.8349
1.68086	1	0	8	-120.217
1.68093	3	0	5	-89.8014
1.68107	1	0	0	-118.353
1.68186	3	0	6	-102.996
1.68207	1	0	0	-118.334
1.68307	1	0	0	-118.35
1.68379	3	0	5	-89.8658
1.68386	3	0	9	-106.155
1.68407	1	0	0	-118.347
1.68507	1	0	0	-118.347
1.68593	3	0	5	-89.8574
1.68607	1	0	0	-118.316
1.68693	3	0	5	-89.8521
1.68707	1	0	0	-118.334
1.68786	3	0	6	-103.037
1.68807	1	0	0	-118.317
1.68886	3	0	5	-89.8322
1.68907	1	0	0	-118.332
1.69007	1	0	0	-118.295
1.69093	3	0	5	-89.8231
1.69107	1	0	0	-118.284
1.69193	3	0	5	-89.8222
1.69207	1	0	0	-118.253
1.69307	1	0	0	-118.306
1.69379	3	0	6	-103.18
1.69407	1	0	0	-118.316
1.69479	3	0	5	-89.7879
1.69507	1	0	0	-118.311
1.6965	1	0	0	-118.327
1.69686	1	0	2	-104.956
1.69686	3	0	5	-89.7695
1.69771	1	0	0	-118.336
1.69793	3	0	5	-89.7523
1.69871	1	0	0	-118.367
1.69971	1	0	0	-118.383
1.69986	3	0	6	-103.212
1.69993	1	0	0	-118.36
1.70071	1	0	0	-118.342
1.70093	1	0	0	-118.351
1.70157	1	0	0	-118.343
1.70193	1	0	0	-118.329
1.70271	1	0	0	-118.347
1.70286	3	0	5	-89.7837
1.70293	1	0	0	-118.378
1.70293	3	0	5	-89.7974
1.70371	1	0	0	-118.383
1.70393	3	0	5	-89.7794
1.70393	1	0	0	-118.402
1.70471	1	0	0	-118.416
1.70493	1	0	0	-118.411
1.70571	1	0	0	-118.423
1.70586	3	0	6	-103.354
1.70593	1	0	0	-118.418
1.70657	1	0	0	-118.43
1.70693	1	0	0	-118.433
1.70771	1	0	0	-118.426
1.70793	3	0	6	-103.394
1.70793	1	0	0	-118.429
1.70871	1	0	0	-118.429
1.70886	3	0	5	-89.844
1.70893	1	0	0	-118.428
1.70971	1	0	0	-118.449
1.70993	1	0	0	-118.458
1.71086	1	0	0	-118.458
1.71093	1	0	7	-109.718
1.71093	3	0	5	-89.8756
1.71107	1	0	0	-118.474
1.71193	3	0	5	-89.8501
1.71207	1	0	0	-118.49
1.71286	3	0	6	-103.419
1.71307	1	0	0	-118.492
1.71407	1	0	0	-118.454
1.71479	3	0	5	-89.8391
1.71579	1	0	7	-109.678
1.71586	1	0	0	-118.412
1.71607	1	0	0	-118.411
1.71686	1	0	7	-109.663
1.71693	3	0	5	-89.7548
1.71707	1	0	0	-118.363
1.71793	3	0	5	-89.7274
1.71793	1	0	0	-118.368
1.71807	1	0	0	-118.358
1.71886	3	0	6	-103.425
1.71893	1	0	0	-118.367
1.71907	1	0	0	-118.36
1.72079	1	0	0	-118.345
1.72086	1	0	7	-109.74
1.72114	1	0	0	-118.345
1.72207	1	0	0	-118.306
1.72286	3	0	5	-89.7204
1.72293	1	0	0	-118.301
1.72293	3	0	5	-89.7171
1.72307	1	0	0	-118.293
1.72393	3	0	5	-89.6723
1.72393	1	0	0	-118.284
1.72407	1	0	0	-118.275
1.72486	3	0	6	-103.416
1.72586	3	0	6	-103.412
1.72607	1	0	7	-109.847
1.72614	1	0	0	-118.265
1.72707	1	0	7	-109.847
1.72807	1	0	0	-118.285
1.72814	1	0	7	-109.865
1.72879	3	0	5	-89.685
1.72886	3	0	4	-105.105
1.72907	1	0	0	-118.287
1.73007	1	0	0	-118.326
1.73086	1	0	7	-109.88
1.73093	3	0	5	-89.6861
1.73107	1	0	0	-118.334
1.7315	1	0	7	-109.897
1.73179	3	0	6	-103.431
1.73186	1	0	1	-105.933
1.73193	3	0	5	-89.7147
1.73207	1	0	7	-109.903
1.73307	1	0	7	-109.894
1.73379	3	0	5	-89.7125
1.73386	1	0	0	-118.341
1.73407	1	0	0	-118.314
1.73507	1	0	7	-109.895
1.73514	1	0	0	-118.317
1.73593	3	0	5	-89.721
1.73614	1	0	7	-109.861
1.7365	1	0	0	-118.327
1.73693	3	0	5	-89.7517
1.73707	1	0	0	-118.364
1.73714	1	0	7	-109.854
1.73786	3	0	6	-103.332
1.73807	1	0	7	-109.812
1.73886	1	0	0	-118.38
1.73893	1	0	0	-118.382
1.73907	1	0	7	-109.782
1.73993	1	0	0	-118.343
1.74007	1	0	7	-109.776
1.74093	1	0	7	-109.747
1.74107	1	0	7	-109.771
1.7415	1	0	0	-118.371
1.74186	3	0	5	-89.6783
1.74193	3	0	5	-89.6771
1.74207	1	0	7	-109.797
1.74279	1	0	0	-118.31
1.74286	1	0	0	-118.311
1.74293	3	0	5	-89.6653
1.74314	1	0	7	-109.746
1.74386	3	0	6	-103.412
1.74414	1	0	7	-109.787
1.74493	3	0	6	-103.417
1.74507	1	0	7	-109.802
1.74593	1	0	0	-118.338
1.7465	1	0	7	-109.801
1.74693	1	0	0	-118.383
1.74721	1	0	7	-109.845
1.74786	3	0	5	-89.6089
1.74793	1	0	7	-109.848
1.74886	1	0	7	-109.822
1.74986	3	0	6	-103.437
1.74993	3	0	5	-89.547
1.75093	3	0	5	-89.5127
1.75186	1	0	0	-118.272
1.75286	1	0	7	-109.786
1.75379	3	0	5	-89.5065
1.75386	1	0	7	-109.772
1.75407	1	0	7	-109.782
1.75586	3	0	6	-103.513
1.75586	1	0	7	-109.806
1.75593	3	0	5	-89.5223
1.75593	1	0	7	-109.805
1.75686	1	0	0	-118.286
1.75693	3	0	5	-89.5096
1.75779	1	0	7	-109.799
1.75786	1	0	3	-113.737
1.75907	1	0	7	-109.87
1.75986	3	0	5	-89.5063
1.76079	1	0	7	-109.878
1.76086	1	0	8	-120.318
1.76179	1	0	7	-109.909
1.76186	3	0	6	-103.389
1.76186	1	0	0	-118.329
1.76193	3	0	5	-89.5317
1.76207	1	0	7	-109.905
1.76293	3	0	5	-89.5262
1.76386	3	0	9	-106.273
1.76386	1	0	7	-109.854
1.76507	1	0	7	-109.89
1.76586	3	0	5	-89.5213
1.76686	1	0	7	-109.93
1.76707	1	0	7	-109.915
1.76779	3	0	6	-103.362
1.76793	3	0	5	-89.5047
1.76807	1	0	0	-118.287
1.76886	1	0	7	-109.906
1.76893	3	0	5	-89.4937
1.76907	1	0	0	-118.335
1.76921	1	0	7	-109.921
1.77007	1	0	7	-109.912
1.77093	1	0	7	-109.916
1.77171	1	0	7	-109.946
1.77179	3	0	5	-89.5481
1.77307	1	0	7	-109.938
1.77314	1	0	0	-118.273
1.77386	3	0	6	-103.397
1.77393	3	0	5	-89.582
1.77407	1	0	7	-109.907
1.77479	1	0	0	-118.335
1.77493	3	0	5	-89.573
1.77493	3	0	6	-103.446
1.77586	1	0	7	-109.953
1.77664	1	0	7	-110.01
1.77686	1	0	2	-104.831
1.77686	3	0	5	-89.6117
1.77707	1	0	7	-109.992
1.77786	3	0	5	-89.5833
1.77807	1	0	7	-110.01
1.77907	1	0	7	-109.979
1.77979	1	0	0	-118.328
1.77986	3	0	6	-103.337
1.77993	3	0	5	-89.5582
1.78086	1	0	7	-109.978
1.78093	3	0	5	-89.5609
1.78129	1	0	7	-109.947
1.78207	1	0	7	-109.985
1.78307	1	0	7	-109.962
1.78421	1	0	7	-109.972
1.78579	3	0	5	-89.5533
1.78586	3	0	6	-103.297
1.78593	1	0	7	-109.921
1.78593	3	0	5	-89.5598
1.78629	1	0	7	-109.913
1.78693	3	0	5	-89.5656
1.79079	3	0	5	-89.589
1.79086	1	0	7	-109.865
1.79186	3	0	6	-103.366
1.79207	1	0	7	-109.817
1.79293	3	0	5	-89.5862
1.79386	1	0	7	-109.836
1.79393	3	0	5	-89.5824
1.79586	1	0	7	-109.865
1.79686	1	0	7	-109.856
1.79707	1	0	7	-109.853
1.79779	3	0	6	-103.435
1.79886	3	0	5	-89.5559
1.79886	1	0	7	-109.885
1.79893	3	0	5	-89.5603
1.79993	3	0	5	-89.5633
1.80107	1	0	7	-109.838
1.80286	1	0	7	-109.877
1.80293	1	0	8	-120.25
1.80307	1	0	7	-109.87
1.80386	3	0	6	-103.382
1.80407	1	0	7	-109.863
1.80479	3	0	5	-89.6174
1.80486	3	0	6	-103.4
1.80586	1	0	7	-109.863
1.80593	3	0	6	-103.426
1.80607	1	0	7	-109.859
1.80693	3	0	5	-89.5621
1.80779	1	0	8	-120.325
1.80786	1	0	7	-109.867
1.80793	3	0	5	-89.6102
1.80793	1	0	7	-109.877
1.80807	1	0	7	-109.863
1.80886	3	0	4	-105.33
1.80907	1	0	7	-109.848
1.80979	3	0	5	-89.6314
1.81086	3	0	6	-103.477
1.81086	1	0	7	-109.861
1.81186	1	0	1	-105.669
1.81193	3	0	5	-89.6159
1.81279	1	0	7	-109.832
1.81286	1	0	8	-120.41
1.81293	3	0	5	-89.6339
1.81307	1	0	7	-109.831
1.81407	1	0	7	-109.862
1.81507	1	0	7	-109.878
1.81593	1	0	7	-109.941
1.81607	1	0	7	-109.933
1.81686	3	0	6	-103.457
1.81779	1	0	8	-120.474
1.81786	3	0	5	-89.5936
1.81786	1	0	7	-109.946
1.81793	3	0	5	-89.5984
1.81807	1	0	7	-109.913
1.81893	3	0	5	-89.5669
1.81907	1	0	7	-109.94
1.82007	1	0	7	-109.956
1.82107	1	0	7	-109.95
1.82271	1	0	7	-109.961
1.82279	1	0	8	-120.607
1.82286	1	0	0	-118.247
1.82286	3	0	6	-103.405
1.82293	1	0	7	-109.934
1.82386	3	0	5	-89.6611
1.82593	3	0	5	-89.6546
1.82693	3	0	5	-89.6493
1.82786	1	0	7	-110.023
1.82793	1	0	0	-118.232
1.82879	3	0	6	-103.337
1.82886	1	0	7	-109.994
1.82893	1	0	0	-118.254
1.82979	3	0	5	-89.7106
1.83193	3	0	5	-89.6962
1.83293	3	0	5	-89.7063
1.83293	1	0	0	-118.303
1.83386	1	0	7	-110.089
1.83393	1	0	0	-118.287
1.83407	1	0	7	-110.087
1.83486	3	0	6	-103.326
1.83586	1	0	7	-110.062
1.83786	1	0	3	-113.928
1.83786	3	0	5	-89.7761
1.83793	3	0	5	-89.7718
1.83886	1	0	0	-118.28
1.83893	3	0	5	-89.7883
1.83907	1	0	7	-110.164
1.84079	1	0	7	-110.166
1.84086	1	0	8	-120.889
1.84086	3	0	6	-103.319
1.84107	1	0	7	-110.166
1.84193	3	0	6	-103.334
1.84207	1	0	7	-110.186
1.84379	1	0	7	-110.122
1.84379	3	0	5	-89.7679
1.84386	3	0	9	-105.947
1.84386	1	0	0	-118.317
1.84493	1	0	7	-110.118
1.84507	1	0	7	-110.106
1.84593	3	0	5	-89.7949
1.84607	1	0	7	-110.085
1.84686	3	0	6	-103.445
1.84693	3	0	5	-89.79
1.84707	1	0	7	-110.09
1.84879	1	0	0	-118.322
1.84879	3	0	5	-89.8371
1.84886	1	0	7	-110.144
1.84986	1	0	7	-110.088
1.85007	1	0	7	-110.077
1.85093	3	0	5	-89.8663
1.85193	3	0	5	-89.9062
1.85286	3	0	6	-103.477
1.85286	1	0	7	-110.181
1.85293	1	0	7	-110.183
1.85307	1	0	0	-118.266
1.85386	1	0	7	-110.212
1.85407	1	0	0	-118.301
1.85486	1	0	7	-110.19
1.85486	3	0	5	-89.8917
1.85507	1	0	0	-118.305
1.85586	1	0	7	-110.226
1.85607	1	0	0	-118.279
1.85686	1	0	2	-104.593
1.85686	3	0	5	-89.8902
1.85707	1	0	0	-118.275
1.85786	1	0	7	-110.248
1.85793	3	0	5	-89.8887
1.85807	1	0	7	-110.261
1.85814	1	0	0	-118.344
1.85886	3	0	6	-103.397
1.85907	1	0	7	-110.323
1.85914	1	0	0	-118.343
1.86007	1	0	7	-110.338
1.86014	1	0	0	-118.361
1.86107	1	0	7	-110.384
1.86114	1	0	0	-118.376
1.86207	1	0	7	-110.382
1.86214	1	0	0	-118.366
1.86286	3	0	5	-89.9138
1.86293	3	0	5	-89.9145
1.86307	1	0	0	-118.414
1.8635	1	0	7	-110.37
1.86393	3	0	5	-89.8973
1.86407	1	0	0	-118.43
1.86479	3	0	6	-103.388
1.86486	1	0	7	-110.396
1.86507	1	0	7	-110.389
1.86514	1	0	0	-118.412
1.86607	1	0	0	-118.409
1.86686	1	0	7	-110.386
1.86786	1	0	7	-110.344
1.86807	1	0	7	-110.329
1.8685	1	0	0	-118.423
1.86879	3	0	5	-89.845
1.86907	1	0	7	-110.295
1.87086	3	0	6	-103.439
1.87086	1	0	7	-110.29
1.87093	3	0	5	-89.7996
1.87107	1	0	7	-110.3
1.87193	3	0	5	-89.8112
1.87193	3	0	6	-103.419
1.87207	1	0	7	-110.288
1.87293	1	0	0	-118.38
1.87307	1	0	7	-110.307
1.8735	1	0	0	-118.388
1.87393	1	0	0	-118.376
1.87407	1	0	7	-110.316
1.87493	1	0	7	-110.325
1.87507	1	0	7	-110.308
1.87679	3	0	5	-89.8134
1.87686	1	0	7	-110.274
1.87686	3	0	6	-103.438
1.87693	3	0	5	-89.8196
1.87707	1	0	7	-110.262
1.87793	3	0	5	-89.8598
1.8785	1	0	7	-110.248
1.87893	1	0	0	-118.354
1.87986	1	0	7	-110.244
1.87993	1	0	0	-118.394
1.88007	1	0	7	-110.243
1.88093	1	0	0	-118.412
1.88107	1	0	7	-110.26
1.88193	1	0	0	-118.381
1.88279	3	0	5	-89.8312
1.88286	3	0	6	-103.509
1.88286	1	0	7	-110.246
1.88293	1	0	7	-110.253
1.88386	1	0	7	-110.264
1.88393	3	0	5	-89.7927
1.88479	1	0	0	-118.398
1.88486	3	0	6	-103.483
1.88486	1	0	7	-110.226
1.88493	3	0	5	-89.7778
1.88586	1	0	7	-110.258
1.88593	1	0	0	-118.409
1.88607	1	0	7	-110.272
1.88693	1	0	0	-118.439
1.88779	3	0	5	-89.7791
1.88786	1	0	7	-110.334
1.88879	3	0	6	-103.544
1.88886	3	0	4	-105.36
1.88886	1	0	7	-110.367
1.88979	1	0	7	-110.381
1.88986	1	0	0	-118.432
1.88993	3	0	5	-89.7625
1.89086	1	0	7	-110.391
1.89093	3	0	5	-89.7869
1.89107	1	0	7	-110.395
1.89186	1	0	1	-105.633
1.89207	1	0	7	-110.377
1.89307	1	0	7	-110.426
1.89371	3	0	5	-89.8506
1.89379	3	0	6	-103.514
1.89407	1	0	7	-110.472
1.89493	3	0	6	-103.519
1.89507	1	0	0	-118.482
1.8955	1	0	7	-110.465
1.89593	3	0	5	-89.8659
1.89607	1	0	0	-118.463
1.89614	1	0	7	-110.474
1.89693	3	0	5	-89.8519
1.89707	1	0	7	-110.505
1.89793	1	0	7	-110.512
1.89807	1	0	7	-110.52
1.89907	1	0	7	-110.586
1.89986	3	0	6	-103.439
1.90007	1	0	7	-110.626
1.9005	1	0	0	-118.525
1.90093	3	0	5	-89.8204
1.90107	1	0	7	-110.595
1.90186	3	0	5	-89.8282
1.90186	1	0	0	-118.565
1.90193	3	0	5	-89.8278
1.90279	1	0	7	-110.618
1.90286	1	0	0	-118.599
1.90307	1	0	0	-118.591
1.9035	1	0	7	-110.613
1.90407	1	0	0	-118.568
1.9045	1	0	7	-110.651
1.90493	1	0	7	-110.646
1.90507	1	0	7	-110.641
1.9055	1	0	0	-118.568
1.90586	3	0	6	-103.412
1.90607	1	0	0	-118.611
1.90614	1	0	7	-110.645
1.90707	1	0	0	-118.609
1.90779	3	0	5	-89.8829
1.90786	1	0	7	-110.623
1.90807	1	0	7	-110.629
1.9085	1	0	0	-118.605
1.90907	1	0	7	-110.615
1.9095	1	0	0	-118.576
1.90993	3	0	5	-89.9097
1.91007	1	0	0	-118.545
1.9105	1	0	7	-110.573
1.91093	3	0	5	-89.9032
1.91107	1	0	0	-118.504
1.91186	3	0	6	-103.398
1.91186	1	0	7	-110.554
1.91207	1	0	7	-110.547
1.91214	1	0	0	-118.547
1.91343	1	0	7	-110.523
1.9135	1	0	0	-118.528
1.91443	1	0	7	-110.534
1.9145	1	0	0	-118.486
1.9155	1	0	0	-118.522
1.91586	3	0	5	-89.96
1.91593	3	0	5	-89.9523
1.91607	1	0	7	-110.559
1.91614	1	0	0	-118.524
1.91693	3	0	5	-89.9596
1.91707	1	0	0	-118.492
1.91779	3	0	6	-103.325
1.91779	1	0	7	-110.546
1.91786	1	0	3	-113.642
1.91807	1	0	7	-110.549
1.91814	1	0	0	-118.493
1.91957	1	0	0	-118.512
1.91986	1	0	7	-110.527
1.92036	1	0	7	-110.555
1.92043	1	0	0	-118.496
1.92086	1	0	8	-121.149
1.92107	1	0	7	-110.533
1.92114	1	0	0	-118.484
1.92186	3	0	5	-90.0011
1.92193	1	0	0	-118.456
1.92207	1	0	7	-110.58
1.92221	1	0	0	-118.458
1.92293	1	0	0	-118.424
1.92307	1	0	0	-118.433
1.92336	1	0	7	-110.552
1.92379	3	0	6	-103.258
1.92386	3	0	9	-106.131
1.92393	3	0	5	-89.9603
1.92429	1	0	7	-110.583
1.92464	1	0	0	-118.404
1.92493	3	0	5	-89.9663
1.92586	1	0	7	-110.497
1.92686	1	0	7	-110.484
1.92693	1	0	0	-118.355
1.92707	1	0	0	-118.363
1.92779	1	0	7	-110.459
1.92786	3	0	5	-90.0275
1.92793	1	0	0	-118.39
1.92807	1	0	7	-110.452
1.92864	1	0	0	-118.39
1.92886	3	0	6	-103.32
1.92893	1	0	0	-118.381
1.92929	1	0	0	-118.399
1.92957	1	0	7	-110.423
1.92993	3	0	5	-90.0189
1.93007	1	0	7	-110.417
1.93093	3	0	5	-90.0322
1.93143	1	0	7	-110.414
1.93193	3	0	6	-103.344
1.93193	1	0	0	-118.349
1.93207	1	0	0	-118.352
1.93214	1	0	7	-110.399
1.93293	1	0	0	-118.351
1.93307	1	0	7	-110.388
1.93386	3	0	5	-90.0579
1.93393	1	0	0	-118.309
1.93407	1	0	0	-118.296
1.9345	1	0	7	-110.344
1.93493	1	0	0	-118.304
1.93493	1	0	7	-110.366
1.93507	1	0	7	-110.355
1.93593	3	0	5	-90.0197
1.93607	1	0	0	-118.333
1.93636	1	0	7	-110.305
1.93679	3	0	6	-103.365
1.93686	1	0	2	-104.803
1.93686	3	0	5	-90.0024
1.93693	3	0	5	-89.9985
1.93707	1	0	7	-110.321
1.93786	1	0	0	-118.351
1.93807	1	0	7	-110.307
1.93907	1	0	7	-110.297
1.9395	1	0	0	-118.268
1.93986	3	0	5	-89.9785
1.94029	1	0	0	-118.292
1.94086	1	0	7	-110.382
1.94107	1	0	7	-110.387
1.94164	1	0	0	-118.294
1.94186	3	0	6	-103.413
1.94193	3	0	5	-90.0141
1.94221	1	0	7	-110.359
1.94286	1	0	0	-118.324
1.94293	3	0	5	-90.0052
1.94293	1	0	0	-118.325
1.94393	1	0	0	-118.295
1.94407	1	0	7	-110.342
1.9445	1	0	0	-118.307
1.94493	1	0	0	-118.313
1.94529	1	0	7	-110.364
1.94536	1	0	0	-118.313
1.94586	3	0	5	-90.0571
1.94593	1	0	0	-118.307
1.94636	1	0	7	-110.402
1.94707	1	0	0	-118.328
1.94729	1	0	7	-110.404
1.94786	3	0	6	-103.512
1.94793	3	0	5	-90.1101
1.94821	1	0	0	-118.365
1.94871	1	0	7	-110.401
1.94893	3	0	5	-90.1367
1.9495	1	0	7	-110.395
1.94993	1	0	7	-110.385
1.95007	1	0	0	-118.378
1.95093	1	0	0	-118.392
1.95107	1	0	0	-118.382
1.95186	3	0	5	-90.1511
1.95193	1	0	0	-118.4
1.95271	1	0	0	-118.41
1.95321	1	0	7	-110.442
1.95343	1	0	0	-118.429
1.95379	3	0	6	-103.485
1.95393	3	0	5	-90.1482
1.95407	1	0	0	-118.458
1.95486	1	0	7	-110.4
1.95493	3	0	5	-90.1378
1.95493	1	0	0	-118.463
1.95507	1	0	0	-118.453
1.95593	1	0	0	-118.451
1.95679	1	0	0	-118.512
1.95686	1	0	7	-110.408
1.95707	1	0	0	-118.521
1.95786	3	0	5	-90.0914
1.95807	1	0	7	-110.43
1.95843	1	0	0	-118.522
1.95907	1	0	7	-110.438
1.95914	1	0	0	-118.559
1.95986	3	0	6	-103.427
1.95993	3	0	5	-90.0841
1.96036	1	0	7	-110.435
1.96093	3	0	5	-90.0701
1.96186	1	0	0	-118.512
1.96193	3	0	6	-103.49
1.96207	1	0	0	-118.527
1.96293	1	0	0	-118.537
1.96357	1	0	7	-110.429
1.96386	3	0	5	-90.103
1.96393	1	0	0	-118.525
1.96407	1	0	7	-110.455
1.96414	1	0	0	-118.528
1.96486	3	0	6	-103.563
1.96536	1	0	7	-110.418
1.96593	3	0	5	-90.1264
1.96607	1	0	7	-110.452
1.96686	1	0	0	-118.507
1.96686	3	0	6	-103.543
1.96693	3	0	5	-90.1575
1.96707	1	0	7	-110.389
1.96879	1	0	0	-118.51
1.96886	3	0	4	-105.15
1.96886	1	0	7	-110.383
1.96986	1	0	7	-110.425
1.96986	3	0	5	-90.1614
1.97007	1	0	0	-118.508
1.9705	1	0	7	-110.454
1.97107	1	0	7	-110.468
1.97186	1	0	1	-105.452
1.97186	3	0	6	-103.58
1.97193	3	0	5	-90.1277
1.97193	1	0	7	-110.447
1.97207	1	0	7	-110.453
1.97293	3	0	5	-90.1546
1.97379	1	0	7	-110.425
1.97386	1	0	0	-118.492
1.97407	1	0	0	-118.506
1.9745	1	0	7	-110.417
1.97507	1	0	0	-118.469
1.9755	1	0	7	-110.439
1.97586	3	0	5	-90.1637
1.97679	1	0	0	-118.46
1.97686	1	0	7	-110.447
1.97771	3	0	6	-103.484
1.97793	3	0	5	-90.1498
1.97807	1	0	7	-110.475
1.97886	1	0	0	-118.495
1.97893	3	0	5	-90.1813
1.97907	1	0	7	-110.499
1.9795	1	0	0	-118.479
1.97993	1	0	7	-110.467
1.98036	1	0	7	-110.438
1.9805	1	0	0	-118.462
1.98179	1	0	7	-110.516
1.98186	1	0	0	-118.474
1.98186	3	0	5	-90.1741
1.98221	1	0	7	-110.51
1.98286	1	0	0	-118.438
1.98314	1	0	7	-110.535
1.98386	3	0	6	-103.522
1.98393	3	0	5	-90.1889
1.98443	1	0	7	-110.578
1.9845	1	0	0	-118.426
1.98493	3	0	5	-90.1794
1.98536	1	0	0	-118.417
1.98579	1	0	7	-110.605
1.98607	1	0	7	-110.622
1.98686	1	0	0	-118.417
1.98729	1	0	7	-110.591
1.98786	3	0	5	-90.1645
1.98879	1	0	7	-110.621
1.98986	3	0	6	-103.453
1.98986	1	0	7	-110.658
1.98993	3	0	5	-90.1466
1.99079	1	0	7	-110.693
1.99093	3	0	5	-90.1552
1.99114	1	0	7	-110.687
1.99193	3	0	6	-103.471
1.99286	1	0	7	-110.676
1.99379	1	0	7	-110.648
1.99386	3	0	5	-90.1833
1.99471	1	0	7	-110.669
1.99493	1	0	7	-110.65
1.99579	1	0	7	-110.631
1.99593	3	0	5	-90.2602
1.99686	3	0	6	-103.448
1.99693	3	0	5	-90.2862
1.99779	1	0	7	-110.649
1.99786	1	0	3	-113.901
1.99971	1	0	7	-110.677
1.99979	3	0	5	-90.2746
2.00079	1	0	7	-110.686
2.00086	1	0	8	-120.863
2.00107	1	0	7	-110.667
2.00186	3	0	6	-103.434
2.00193	3	0	5	-90.3044
2.00207	1	0	7	-110.713
2.00293	3	0	9	-106.251
2.00293	3	0	5	-90.3351
2.00386	3	0	9	-106.215
2.00386	1	0	7	-110.744
2.00586	1	0	7	-110.73
2.00607	1	0	7	-110.72
2.00707	1	0	7	-110.797
2.00764	3	0	5	-90.2979
2.00771	3	0	6	-103.39
2.00786	3	0	9	-106.209
2.00793	3	0	5	-90.309
2.00886	1	0	7	-110.763
2.00893	3	0	5	-90.3046
2.00907	1	0	7	-110.758
2.00993	1	0	7	-110.734
2.01086	1	0	7	-110.706
2.01186	1	0	7	-110.692
2.01279	3	0	6	-103.336
2.01386	3	0	5	-90.3224
2.01393	3	0	6	-103.297
2.01407	1	0	7	-110.674
2.01493	3	0	5	-90.33
2.01586	1	0	7	-110.69
2.01593	3	0	9	-106.14
2.01593	3	0	5	-90.2945
2.01679	1	0	7	-110.68
2.01686	1	0	2	-104.787
2.01686	3	0	5	-90.2619
2.01693	3	0	9	-106.122
2.01693	1	0	7	-110.661
2.01786	1	0	7	-110.68
2.01886	3	0	6	-103.298
2.01979	3	0	5	-90.286
2.02086	1	0	7	-110.697
2.02186	3	0	9	-105.965
2.02186	1	0	7	-110.723
2.02193	3	0	5	-90.2899
2.02286	1	0	7	-110.764
2.02293	3	0	5	-90.2934
2.02386	1	0	7	-110.748
2.02486	3	0	6	-103.359
2.02607	1	0	7	-110.777
2.02707	3	0	5	-90.2757
2.02707	1	0	7	-110.779
2.02714	3	0	9	-105.883
2.02793	3	0	5	-90.2879
2.0285	3	0	9	-105.936
2.02886	1	0	7	-110.762
2.02893	3	0	5	-90.2764
2.02907	1	0	7	-110.752
2.03086	3	0	6	-103.258
2.03086	1	0	7	-110.75
2.03107	1	0	7	-110.767
2.03193	1	0	7	-110.758
2.03207	1	0	7	-110.764
2.0335	3	0	5	-90.2531
2.03357	3	0	9	-105.97
2.03407	1	0	7	-110.762
2.03493	3	0	5	-90.2083
2.03586	1	0	7	-110.765
2.03593	3	0	5	-90.2631
2.03593	3	0	9	-105.98
2.03679	3	0	6	-103.276
2.03686	1	0	7	-110.816
2.03693	3	0	9	-105.952
2.03707	1	0	7	-110.809
2.03793	3	0	9	-105.989
2.03807	1	0	7	-110.822
2.03879	3	0	5	-90.2393
2.03986	1	0	7	-110.859
2.04086	1	0	7	-110.827
2.04093	3	0	5	-90.2519
2.04107	1	0	7	-110.801
2.04186	3	0	9	-106.108
2.04193	3	0	5	-90.2457
2.04207	1	0	7	-110.814
2.04286	3	0	6	-103.284
2.04307	1	0	7	-110.831
2.04393	3	0	6	-103.297
2.04479	3	0	5	-90.243
2.04486	3	0	6	-103.305
2.04486	1	0	7	-110.874
2.04586	1	0	7	-110.852
2.04607	1	0	7	-110.841
2.04693	3	0	5	-90.2148
2.04693	1	0	7	-110.828
2.04707	3	0	9	-106.202
2.04793	3	0	5	-90.2253
2.04843	3	0	6	-103.275
2.0485	3	0	9	-106.216
2.04886	3	0	4	-104.926
2.04986	1	0	7	-110.787
2.05086	1	0	7	-110.77
2.05179	1	0	7	-110.727
2.05186	1	0	1	-105.233
2.05193	3	0	5	-90.2157
2.05207	3	0	9	-106.279
2.05207	1	0	7	-110.709
2.05293	3	0	5	-90.2235
2.05343	3	0	5	-90.1991
2.0535	3	0	6	-103.215
2.05357	3	0	9	-106.293
2.05386	1	0	7	-110.703
2.05393	1	0	7	-110.697
2.05507	1	0	7	-110.712
2.05686	1	0	7	-110.73
2.05707	1	0	7	-110.724
2.05871	3	0	5	-90.1596
2.05886	3	0	6	-103.235
2.05886	1	0	7	-110.715
2.05986	1	0	7	-110.702
2.06007	1	0	7	-110.725
2.06093	3	0	5	-90.1579
2.06093	3	0	9	-106.33
2.06193	3	0	5	-90.1528
2.06193	3	0	9	-106.338
2.06193	1	0	7	-110.679
2.06286	1	0	0	-118.301
2.06293	3	0	9	-106.405
2.06393	1	0	0	-118.302
2.06479	3	0	6	-103.224
2.06486	1	0	7	-110.685
2.06493	1	0	0	-118.33
2.06593	3	0	5	-90.1708
2.06593	3	0	6	-103.238
2.06679	3	0	5	-90.1719
2.06686	3	0	9	-106.369
2.06686	1	0	7	-110.677
2.06693	3	0	5	-90.1757
2.06893	1	0	0	-118.3
2.06993	1	0	0	-118.298
2.07007	1	0	7	-110.66
2.07086	3	0	6	-103.247
2.07179	3	0	5	-90.2566
2.07186	1	0	7	-110.604
2.07207	3	0	9	-106.462
2.07286	1	0	7	-110.555
2.07336	3	0	9	-106.466
2.07393	3	0	5	-90.3024
2.07486	1	0	0	-118.324
2.07493	3	0	5	-90.3148
2.07507	1	0	7	-110.635
2.07686	3	0	6	-103.42
2.07779	1	0	7	-110.59
2.07786	1	0	3	-113.915
2.07807	1	0	7	-110.573
2.07836	3	0	9	-106.469
2.07979	1	0	7	-110.61
2.07986	1	0	0	-118.311
2.07986	3	0	5	-90.3156
2.07993	3	0	5	-90.3051
2.08086	1	0	8	-120.721
2.08093	3	0	9	-106.501
2.08093	3	0	5	-90.3132
2.08107	1	0	7	-110.552
2.08193	3	0	9	-106.486
2.08207	1	0	7	-110.538
2.08286	3	0	6	-103.37
2.08293	3	0	9	-106.451
2.08307	1	0	7	-110.506
2.08386	3	0	9	-106.434
2.08393	1	0	7	-110.488
2.08486	1	0	7	-110.541
2.08507	1	0	0	-118.38
2.0855	1	0	7	-110.561
2.08586	3	0	5	-90.339
2.08607	1	0	7	-110.549
2.08686	3	0	9	-106.479
2.08707	1	0	7	-110.556
2.08793	3	0	5	-90.3319
2.08807	1	0	0	-118.308
2.08879	3	0	6	-103.453
2.08886	1	0	7	-110.617
2.08893	3	0	5	-90.2971
2.08907	1	0	0	-118.277
2.0895	1	0	7	-110.683
2.09007	1	0	7	-110.737
2.0905	1	0	0	-118.28
2.09107	1	0	0	-118.273
2.0915	1	0	7	-110.771
2.09186	3	0	5	-90.2487
2.09193	1	0	7	-110.808
2.09207	3	0	9	-106.516
2.09207	1	0	0	-118.218
2.0925	1	0	7	-110.822
2.09307	1	0	7	-110.784
2.09314	1	0	0	-118.179
2.09336	3	0	9	-106.488
2.09393	3	0	5	-90.2328
2.09407	1	0	7	-110.793
2.0945	1	0	0	-118.19
2.09486	3	0	6	-103.483
2.09493	3	0	5	-90.2428
2.09507	1	0	0	-118.205
2.09593	3	0	6	-103.531
2.09636	1	0	7	-110.737
2.09643	1	0	0	-118.191
2.09686	1	0	2	-104.741
2.09686	3	0	5	-90.2528
2.09707	1	0	0	-118.182
2.0975	1	0	7	-110.728
2.09786	3	0	5	-90.2447
2.09807	1	0	0	-118.192
2.09836	3	0	9	-106.557
2.09886	1	0	7	-110.7
2.09893	1	0	7	-110.681
2.09907	1	0	0	-118.202
2.09936	3	0	9	-106.574
2.09986	1	0	7	-110.696
2.09993	3	0	5	-90.2289
2.10007	1	0	0	-118.159
2.10086	3	0	6	-103.538
2.10093	3	0	5	-90.1965
2.10093	3	0	9	-106.56
2.10186	1	0	7	-110.621
2.10193	3	0	9	-106.567
2.10386	1	0	7	-110.628
2.10386	3	0	5	-90.2049
2.10407	1	0	7	-110.635
2.10414	1	0	0	-118.109
2.10436	3	0	9	-106.575
2.10507	1	0	7	-110.656
2.10593	3	0	5	-90.2175
2.10593	1	0	0	-118.126
2.10679	3	0	6	-103.551
2.10686	3	0	9	-106.589
2.10686	1	0	7	-110.645
2.10693	3	0	5	-90.2238
2.10693	1	0	0	-118.214
2.10693	3	0	9	-106.592
2.10693	1	0	7	-110.642
2.10707	1	0	7	-110.644
2.10793	3	0	9	-106.566
2.10886	1	0	7	-110.741
2.10893	1	0	0	-118.28
2.10907	1	0	7	-110.748
2.10914	1	0	0	-118.29
2.10986	3	0	5	-90.2348
2.10993	1	0	0	-118.288
2.11007	3	0	9	-106.575
2.11007	1	0	7	-110.751
2.11093	1	0	0	-118.31
2.11107	3	0	6	-103.599
2.11121	3	0	9	-106.563
2.11186	1	0	7	-110.705
2.11193	3	0	5	-90.2684
2.11193	1	0	0	-118.304
2.11207	3	0	9	-106.576
2.11207	1	0	7	-110.706
2.11293	3	0	5	-90.2802
2.11307	3	0	9	-106.561
2.11386	1	0	7	-110.799
2.11393	1	0	0	-118.329
2.11393	1	0	7	-110.802
2.11486	3	0	9	-106.597
2.11486	1	0	7	-110.728
2.11493	1	0	0	-118.306
2.11586	3	0	5	-90.243
2.11607	3	0	6	-103.515
2.11614	3	0	9	-106.57
2.11679	1	0	0	-118.34
2.11686	1	0	7	-110.739
2.11707	1	0	7	-110.753
2.11786	3	0	9	-106.619
2.11793	3	0	5	-90.2631
2.11886	1	0	7	-110.714
2.11893	3	0	5	-90.2963
2.11893	3	0	6	-103.556
2.11986	1	0	7	-110.729
2.11993	3	0	9	-106.6
2.12086	1	0	7	-110.764
2.12093	3	0	9	-106.642
2.12186	1	0	0	-118.298
2.12186	3	0	5	-90.3145
2.12193	3	0	9	-106.647
2.12386	3	0	6	-103.569
2.12386	1	0	7	-110.743
2.12393	3	0	5	-90.3646
2.12486	3	0	6	-103.609
2.12486	1	0	7	-110.695
2.12493	3	0	5	-90.4277
2.12586	1	0	7	-110.716
2.12607	1	0	7	-110.734
2.12686	1	0	0	-118.334
2.12779	1	0	7	-110.752
2.12786	3	0	5	-90.438
2.12886	3	0	4	-104.658
2.12907	1	0	7	-110.771
2.12986	3	0	6	-103.748
2.12993	3	0	5	-90.5019
2.13007	1	0	7	-110.77
2.13093	3	0	5	-90.4534
2.13107	1	0	7	-110.763
2.13186	1	0	1	-104.989
2.13207	1	0	0	-118.276
2.13279	1	0	7	-110.789
2.13307	1	0	0	-118.288
2.1335	1	0	7	-110.769
2.13386	3	0	5	-90.422
2.13407	1	0	7	-110.779
2.13507	1	0	7	-110.793
2.13579	3	0	6	-103.654
2.13593	3	0	5	-90.3517
2.13607	1	0	0	-118.251
2.13614	1	0	7	-110.736
2.13693	3	0	5	-90.3608
2.13693	1	0	7	-110.738
2.13707	1	0	7	-110.755
2.13721	1	0	0	-118.209
2.13807	1	0	7	-110.782
2.1385	1	0	0	-118.189
2.13907	1	0	7	-110.783
2.13986	3	0	5	-90.4059
2.14007	1	0	0	-118.191
2.1405	1	0	7	-110.792
2.14179	1	0	7	-110.815
2.14186	3	0	6	-103.744
2.14186	1	0	0	-118.161
2.14193	3	0	5	-90.3263
2.14207	1	0	7	-110.789
2.14286	1	0	0	-118.108
2.14293	3	0	5	-90.3411
2.14307	1	0	0	-118.112
2.1435	1	0	7	-110.789
2.14393	1	0	7	-110.806
2.14407	1	0	0	-118.125
2.1445	1	0	7	-110.812
2.14507	1	0	7	-110.79
2.1455	1	0	0	-118.136
2.14586	3	0	5	-90.403
2.14679	1	0	0	-118.153
2.14686	1	0	7	-110.733
2.14707	1	0	0	-118.163
2.14714	1	0	7	-110.738
2.14779	3	0	6	-103.778
2.14793	3	0	5	-90.4001
2.14807	1	0	7	-110.662
2.1485	1	0	0	-118.13
2.14893	3	0	5	-90.4151
2.14893	1	0	0	-118.121
2.14907	1	0	7	-110.663
2.1495	1	0	0	-118.114
2.14993	1	0	0	-118.097
2.15007	1	0	0	-118.096
2.15086	1	0	7	-110.644
2.15171	1	0	0	-118.115
2.15186	3	0	5	-90.4625
2.15279	1	0	7	-110.67
2.15286	1	0	0	-118.101
2.15386	3	0	6	-103.694
2.15386	1	0	7	-110.644
2.15393	3	0	5	-90.4489
2.15393	1	0	0	-118.079
2.15471	1	0	0	-118.074
2.15486	1	0	7	-110.62
2.15493	3	0	5	-90.4473
2.15493	1	0	0	-118.07
2.15507	1	0	7	-110.597
2.15514	1	0	0	-118.057
2.15593	3	0	6	-103.679
2.15671	1	0	0	-118.038
2.15693	1	0	0	-118.017
2.15764	1	0	0	-118.026
2.15779	1	0	7	-110.588
2.15786	1	0	3	-114.192
2.15786	3	0	5	-90.4163
2.15793	1	0	0	-118.019
2.15886	1	0	7	-110.6
2.15971	1	0	7	-110.595
2.15979	1	0	0	-117.978
2.15993	3	0	5	-90.4157
2.16071	1	0	0	-117.967
2.16079	1	0	7	-110.583
2.16086	1	0	8	-120.898
2.16086	3	0	6	-103.672
2.16093	3	0	5	-90.4033
2.16107	1	0	0	-117.955
2.16193	1	0	0	-117.968
2.16207	1	0	7	-110.604
2.16279	1	0	0	-117.945
2.16293	1	0	0	-117.955
2.16307	1	0	0	-117.948
2.16371	1	0	7	-110.597
2.16371	3	0	5	-90.3563
2.16386	3	0	9	-106.878
2.16407	1	0	0	-117.936
2.16436	1	0	7	-110.622
2.16507	1	0	7	-110.67
2.16586	1	0	0	-117.972
2.16593	3	0	5	-90.3919
2.16607	1	0	0	-117.984
2.16686	3	0	6	-103.772
2.16693	3	0	5	-90.4119
2.16714	1	0	0	-117.968
2.16721	1	0	7	-110.776
2.16807	1	0	7	-110.744
2.16829	1	0	0	-117.982
2.16907	1	0	7	-110.751
2.16964	1	0	0	-117.978
2.16993	1	0	0	-117.983
2.17007	1	0	0	-117.984
2.17014	1	0	7	-110.677
2.17093	3	0	5	-90.3679
2.17093	1	0	0	-118.02
2.17107	1	0	7	-110.679
2.17186	3	0	5	-90.3934
2.17193	3	0	5	-90.3942
2.17271	1	0	7	-110.644
2.17279	3	0	6	-103.805
2.17286	1	0	0	-117.991
2.17371	1	0	7	-110.624
2.17393	1	0	7	-110.622
2.17436	1	0	7	-110.608
2.17493	1	0	0	-118.02
2.17586	1	0	0	-118.01
2.17593	1	0	0	-118.002
2.17664	1	0	7	-110.539
2.17686	1	0	2	-104.142
2.17686	3	0	5	-90.3631
2.17693	1	0	0	-118.021
2.17707	1	0	7	-110.524
2.17779	3	0	5	-90.3994
2.17793	1	0	0	-118.005
2.17871	1	0	7	-110.557
2.17886	3	0	6	-103.892
2.17893	1	0	0	-117.98
2.17986	1	0	7	-110.616
2.17993	3	0	5	-90.4466
2.18007	1	0	0	-117.965
2.18014	1	0	7	-110.632
2.18093	3	0	5	-90.4623
2.18093	1	0	0	-117.966
2.18107	1	0	0	-117.966
2.18171	1	0	7	-110.625
2.18193	1	0	0	-117.949
2.18214	1	0	0	-117.958
2.18279	1	0	7	-110.597
2.18329	1	0	7	-110.597
2.18479	3	0	6	-103.862
2.18486	1	0	7	-110.496
2.18493	1	0	0	-117.956
2.18507	1	0	7	-110.49
2.18586	1	0	0	-117.964
2.18586	3	0	5	-90.4296
2.18593	1	0	1	-105.344
2.18593	3	0	6	-103.877
2.18593	1	0	0	-117.961
2.18593	3	0	5	-90.4284
2.18607	1	0	7	-110.51
2.18629	1	0	0	-117.928
2.18693	3	0	5	-90.4287
2.18714	1	0	7	-110.554
2.18729	1	0	0	-117.947
2.18829	1	0	7	-110.603
2.18893	1	0	7	-110.609
2.18929	1	0	7	-110.585
2.19086	1	0	1	-105.209
2.19086	3	0	6	-103.862
2.19107	1	0	0	-117.928
2.19171	1	0	7	-110.689
2.19186	3	0	5	-90.4293
2.19207	1	0	0	-117.921
2.19307	1	0	0	-117.903
2.19386	1	0	7	-110.733
2.19393	3	0	5	-90.3853
2.19407	1	0	0	-117.913
2.19429	1	0	7	-110.767
2.19493	3	0	5	-90.3731
2.19507	1	0	0	-117.886
2.1955	1	0	7	-110.771
2.19607	1	0	1	-105.121
2.19621	1	0	0	-117.878
2.19686	1	0	7	-110.808
2.19686	3	0	6	-103.887
2.19707	1	0	0	-117.868
2.19779	3	0	5	-90.3548
2.19807	1	0	7	-110.811
2.19814	1	0	0	-117.863
2.19907	1	0	1	-105.307
2.19936	1	0	7	-110.825
2.19971	1	0	0	-117.841
2.19993	3	0	5	-90.3597
2.20021	1	0	7	-110.829
2.2005	1	0	0	-117.875
2.20093	3	0	5	-90.3348
2.20107	1	0	1	-105.272
2.20129	1	0	7	-110.854
2.20279	3	0	6	-103.779
2.20293	1	0	0	-117.849
2.20386	1	0	7	-110.892
2.20393	1	0	0	-117.838
2.20393	1	0	7	-110.885
2.20457	1	0	7	-110.855
2.20486	3	0	6	-103.778
2.20493	1	0	0	-117.867
2.20564	1	0	7	-110.819
2.20586	3	0	5	-90.346
2.20593	1	0	0	-117.874
2.20593	3	0	5	-90.3335
2.20629	1	0	7	-110.806
2.20693	1	0	1	-105.264
2.20693	1	0	0	-117.79
2.20693	3	0	5	-90.3384
2.20793	1	0	1	-105.254
2.20793	1	0	0	-117.771
2.20879	3	0	6	-103.731
2.20886	3	0	4	-104.351
2.20886	1	0	7	-110.836
2.20893	1	0	0	-117.8
2.20907	1	0	7	-110.847
2.20993	1	0	0	-117.787
2.21064	1	0	7	-110.896
2.21093	1	0	0	-117.776
2.21093	1	0	7	-110.893
2.21121	1	0	7	-110.887
2.21186	1	0	1	-105.157
2.21186	3	0	5	-90.2836
2.21193	1	0	0	-117.799
2.21207	1	0	1	-105.161
2.21214	1	0	7	-110.957
2.21379	1	0	0	-117.81
2.21379	3	0	6	-103.784
2.21386	1	0	7	-110.952
2.21393	3	0	5	-90.2352
2.21407	1	0	7	-110.94
2.21493	3	0	5	-90.2676
2.21586	1	0	7	-110.947
2.21593	3	0	6	-103.89
2.21607	1	0	7	-110.948
2.21707	1	0	1	-105.154
2.21714	1	0	7	-110.919
2.21779	3	0	5	-90.289
2.21807	1	0	1	-105.215
2.21879	1	0	7	-110.885
2.21886	1	0	0	-117.835
2.21893	1	0	7	-110.9
2.21986	1	0	7	-110.903
2.21993	3	0	5	-90.274
2.22086	3	0	6	-103.853
2.22086	1	0	7	-110.875
2.22093	3	0	5	-90.2592
2.22107	1	0	7	-110.87
2.22264	1	0	7	-110.94
2.22279	1	0	1	-105.243
2.22286	1	0	0	-117.846
2.22314	1	0	7	-110.971
2.22407	1	0	0	-117.855
2.22486	1	0	7	-111.037
2.22507	1	0	0	-117.832
2.22586	3	0	5	-90.2876
2.22586	1	0	7	-111.042
2.22593	3	0	5	-90.2912
2.22607	1	0	7	-111.056
2.22686	3	0	6	-104.039
2.22693	3	0	5	-90.2622
2.22707	1	0	0	-117.848
2.22779	1	0	7	-111.023
2.22807	1	0	0	-117.858
2.2285	1	0	7	-111.03
2.22907	1	0	7	-110.999
2.22914	1	0	0	-117.881
2.23007	1	0	7	-111.041
2.23014	1	0	0	-117.941
2.23107	1	0	0	-117.947
2.2315	1	0	7	-111.045
2.23186	3	0	5	-90.3005
2.23207	1	0	7	-111.074
2.23221	1	0	0	-117.956
2.23279	3	0	6	-103.963
2.23307	1	0	7	-111.052
2.2335	1	0	0	-117.97
2.23393	3	0	5	-90.247
2.23407	1	0	0	-117.967
2.23429	1	0	7	-111.083
2.23493	3	0	5	-90.2613
2.23586	1	0	7	-111.154
2.23607	1	0	7	-111.153
2.2365	1	0	0	-117.96
2.23771	1	0	7	-111.124
2.23786	1	0	3	-114.042
2.23786	3	0	5	-90.2215
2.23793	1	0	1	-105.472
2.2385	1	0	7	-111.151
2.23886	3	0	6	-103.874
2.23893	1	0	1	-105.468
2.23907	1	0	7	-111.135
2.23971	1	0	0	-117.977
2.23993	3	0	5	-90.2292
2.23993	1	0	0	-117.966
2.24021	1	0	7	-111.16
2.24086	1	0	8	-120.735
2.24093	3	0	5	-90.2491
2.24093	1	0	0	-117.947
2.2415	1	0	7	-111.154
2.24193	1	0	0	-117.974
2.24279	1	0	7	-111.079
2.24293	1	0	0	-117.99
2.24307	1	0	1	-105.558
2.24314	1	0	7	-111.046
2.24379	3	0	5	-90.2345
2.24386	3	0	9	-106.757
2.24393	1	0	0	-117.964
2.24429	1	0	7	-111.018
2.24479	3	0	6	-103.891
2.24493	1	0	0	-117.995
2.24529	1	0	7	-111.057
2.24593	3	0	5	-90.252
2.24593	3	0	6	-103.896
2.24593	1	0	0	-118.022
2.24607	1	0	7	-111.083
2.24693	3	0	5	-90.2788
2.24693	1	0	0	-118.028
2.24707	1	0	7	-111.109
2.24793	1	0	0	-118.002
2.24807	1	0	7	-111.124
2.24886	1	0	1	-105.672
2.24893	1	0	0	-118.001
2.24893	1	0	7	-111.125
2.24907	1	0	7	-111.117
2.25021	1	0	0	-117.985
2.25029	1	0	7	-111.126
2.25086	3	0	6	-103.915
2.25093	3	0	5	-90.2447
2.25107	1	0	7	-111.096
2.25186	3	0	5	-90.2338
2.25193	3	0	5	-90.2354
2.25207	1	0	7	-111.073
2.25314	1	0	7	-111.078
2.25407	1	0	7	-111.086
2.25507	1	0	1	-105.701
2.25579	1	0	7	-111.099
2.25586	1	0	0	-117.963
2.25593	1	0	7	-111.097
2.25607	1	0	1	-105.722
2.25679	3	0	6	-103.892
2.25686	1	0	2	-104.126
2.25686	3	0	5	-90.2151
2.25707	1	0	7	-111.068
2.25786	3	0	5	-90.2064
2.25864	1	0	1	-105.659
2.25907	1	0	7	-111.022
2.25993	3	0	5	-90.2342
2.26014	1	0	1	-105.701
2.26086	1	0	7	-111.049
2.26093	3	0	5	-90.2381
2.26107	1	0	0	-117.959
2.26179	3	0	6	-103.918
2.26186	1	0	7	-110.977
2.26207	1	0	0	-117.965
2.26293	1	0	1	-105.643
2.26307	1	0	0	-117.95
2.2635	1	0	7	-110.986
2.26393	1	0	1	-105.61
2.26407	1	0	0	-117.929
2.26443	1	0	7	-110.943
2.26586	3	0	5	-90.2098
2.26586	1	0	7	-110.965
2.26593	3	0	5	-90.2075
2.26607	1	0	7	-110.966
2.26614	1	0	0	-117.907
2.26693	3	0	5	-90.2298
2.26707	1	0	0	-117.888
2.26786	3	0	6	-103.88
2.26793	1	0	1	-105.596
2.26807	1	0	7	-110.913
2.2685	1	0	0	-117.868
2.26893	1	0	1	-105.61
2.26907	1	0	7	-110.916
2.26957	1	0	0	-117.863
2.27007	1	0	1	-105.622
2.27014	1	0	7	-110.875
2.27186	1	0	7	-110.855
2.27186	3	0	5	-90.2493
2.27207	1	0	7	-110.847
2.2735	1	0	7	-110.901
2.27379	3	0	6	-103.855
2.27393	3	0	5	-90.2336
2.27443	1	0	7	-110.893
2.27493	3	0	5	-90.2569
2.27507	1	0	1	-105.532
2.27514	1	0	7	-110.921
2.27593	3	0	6	-103.896
2.27593	1	0	0	-117.882
2.27607	1	0	1	-105.51
2.27686	1	0	7	-110.871
2.27693	1	0	0	-117.892
2.27707	1	0	1	-105.535
2.2775	1	0	7	-110.882
2.27786	3	0	5	-90.1879
2.27793	1	0	0	-117.882
2.27793	1	0	7	-110.897
2.27807	1	0	1	-105.54
2.27957	1	0	1	-105.502
2.27993	3	0	5	-90.2001
2.28007	1	0	1	-105.505
2.28014	1	0	7	-110.953
2.28086	3	0	6	-103.823
2.28093	3	0	5	-90.2028
2.28107	1	0	1	-105.492
2.28193	1	0	0	-117.807
2.28207	1	0	1	-105.517
2.2825	1	0	7	-110.904
2.28293	1	0	0	-117.813
2.28357	1	0	1	-105.556
2.28386	1	0	7	-110.958
2.28386	3	0	5	-90.1452
2.28393	1	0	2	-104.154
2.28486	3	0	6	-103.742
2.28593	1	0	0	-117.785
2.28593	3	0	5	-90.1586
2.28593	1	0	1	-105.579
2.28629	1	0	7	-110.965
2.28686	3	0	6	-103.697
2.28693	1	0	0	-117.754
2.28693	3	0	5	-90.1456
2.28693	1	0	1	-105.572
2.2875	1	0	7	-110.938
2.28793	1	0	1	-105.588
2.28879	1	0	2	-104.115
2.28886	3	0	4	-104.603
2.28886	1	0	7	-110.871
2.29114	1	0	0	-117.675
2.29121	1	0	7	-110.9
2.29186	1	0	1	-105.6
2.29186	3	0	5	-90.1124
2.29193	3	0	5	-90.1095
2.29279	3	0	6	-103.674
2.29286	1	0	1	-105.587
2.29293	3	0	5	-90.093
2.29364	1	0	2	-104.095
2.29386	1	0	7	-110.874
2.29429	1	0	7	-110.873
2.29621	1	0	7	-110.938
2.29686	1	0	0	-117.607
2.29786	3	0	5	-90.021
2.29807	1	0	1	-105.673
2.29886	3	0	6	-103.692
2.29907	1	0	1	-105.709
2.29929	1	0	7	-111.038
2.29993	3	0	5	-90.0107
2.30007	1	0	1	-105.619
2.3005	1	0	7	-111.061
2.30093	3	0	5	-89.9799
2.30107	1	0	1	-105.617
2.3015	1	0	7	-111.106
2.30207	1	0	1	-105.585
2.3025	1	0	7	-111.138
2.30286	1	0	0	-117.65
2.30307	1	0	0	-117.641
2.30343	1	0	1	-105.559
2.30379	1	0	7	-111.154
2.30386	3	0	5	-89.9839
2.30407	1	0	0	-117.638
2.30421	1	0	1	-105.557
2.30429	1	0	7	-111.166
2.30479	3	0	6	-103.775
2.30507	1	0	0	-117.617
2.30529	1	0	1	-105.517
2.3055	1	0	7	-111.181
2.30593	3	0	5	-89.9482
2.30607	1	0	0	-117.556
2.30629	1	0	1	-105.469
2.3065	1	0	7	-111.204
2.30693	3	0	5	-89.9047
2.30707	1	0	0	-117.535
2.30736	1	0	1	-105.533
2.30757	1	0	7	-111.203
2.30829	1	0	1	-105.465
2.30843	1	0	7	-111.13
2.30857	1	0	0	-117.531
2.30971	1	0	1	-105.51
2.30979	1	0	0	-117.567
2.30986	3	0	5	-89.8528
2.31029	1	0	7	-111.087
2.31071	1	0	0	-117.522
2.31086	3	0	6	-103.694
2.31093	1	0	2	-104.168
2.31093	1	0	1	-105.53
2.31129	1	0	7	-111.071
2.31171	1	0	0	-117.523
2.31193	1	0	2	-104.16
2.31193	1	0	1	-105.561
2.31193	3	0	5	-89.8531
2.31229	1	0	7	-111.046
2.31264	1	0	0	-117.548
2.31293	3	0	5	-89.8554
2.31293	3	0	6	-103.705
2.31307	1	0	0	-117.546
2.31379	1	0	7	-111.043
2.31407	1	0	0	-117.568
2.3145	1	0	7	-111.019
2.31507	1	0	0	-117.531
2.3155	1	0	7	-111.021
2.31586	3	0	5	-89.8735
2.31607	1	0	0	-117.588
2.31643	1	0	1	-105.502
2.3165	1	0	2	-104.186
2.31657	1	0	7	-111.019
2.31707	1	0	0	-117.558
2.3175	1	0	7	-111.032
2.31786	1	0	3	-114.251
2.31786	3	0	6	-103.568
2.31793	3	0	5	-89.8245
2.31807	1	0	7	-111.063
2.31821	1	0	0	-117.583
2.31893	3	0	5	-89.7943
2.31907	1	0	7	-111.104
2.3195	1	0	0	-117.562
2.32007	1	0	7	-111.088
2.32043	1	0	0	-117.52
2.32086	1	0	8	-121.081
2.32107	1	0	2	-104.23
2.32114	1	0	0	-117.513
2.3215	1	0	7	-111.079
2.32207	1	0	2	-104.266
2.32214	1	0	0	-117.499
2.32257	1	0	7	-111.042
2.32307	1	0	0	-117.456
2.32321	1	0	1	-105.393
2.32336	1	0	2	-104.283
2.32343	1	0	7	-111.07
2.32357	1	0	7	-111.07
2.32371	3	0	5	-89.7561
2.32379	3	0	6	-103.516
2.32386	3	0	9	-107.196
2.32393	3	0	5	-89.7527
2.32407	1	0	1	-105.368
2.32429	1	0	2	-104.284
2.3245	1	0	7	-111.049
2.32493	3	0	5	-89.7699
2.32507	1	0	1	-105.359
2.32557	1	0	7	-110.996
2.32607	1	0	1	-105.385
2.32629	1	0	2	-104.284
2.3265	1	0	7	-110.957
2.32707	1	0	1	-105.368
2.32736	1	0	2	-104.25
2.32757	1	0	7	-110.969
2.32807	1	0	1	-105.342
2.3285	1	0	2	-104.251
2.32864	1	0	7	-111.005
2.32879	1	0	0	-117.399
2.32879	3	0	5	-89.7505
2.32886	3	0	6	-103.429
2.32907	1	0	1	-105.344
2.3295	1	0	7	-110.957
2.33007	1	0	1	-105.295
2.33057	1	0	7	-110.96
2.33093	3	0	5	-89.7696
2.33107	1	0	1	-105.27
2.3315	1	0	7	-110.965
2.33193	3	0	5	-89.8156
2.33207	1	0	1	-105.361
2.3325	1	0	7	-110.938
2.33307	1	0	1	-105.397
2.3335	1	0	7	-110.988
2.33386	3	0	5	-89.7426
2.33407	1	0	1	-105.349
2.3345	1	0	7	-111.023
2.33479	3	0	6	-103.413
2.33507	1	0	1	-105.346
2.3355	1	0	7	-110.99
2.33593	3	0	5	-89.7274
2.33629	1	0	1	-105.405
2.33643	1	0	7	-110.994
2.33686	3	0	5	-89.7058
2.33686	1	0	2	-104.371
2.33693	3	0	5	-89.7004
2.3375	1	0	7	-111.009
2.33793	1	0	7	-110.999
2.3385	1	0	7	-110.989
2.33893	1	0	2	-104.35
2.33893	1	0	1	-105.443
2.33893	1	0	0	-117.444
2.3395	1	0	7	-110.975
2.33986	3	0	5	-89.6444
2.33993	1	0	2	-104.305
2.33993	1	0	1	-105.481
2.33993	1	0	0	-117.449
2.3405	1	0	7	-110.989
2.34086	3	0	6	-103.409
2.34093	1	0	1	-105.418
2.34093	1	0	0	-117.455
2.3415	1	0	7	-110.981
2.34193	3	0	5	-89.6204
2.3425	1	0	7	-110.983
2.34293	3	0	5	-89.6181
2.34293	3	0	6	-103.419
2.3435	1	0	7	-111.01
2.34393	1	0	0	-117.35
2.34471	1	0	1	-105.385
2.34479	1	0	2	-104.328
2.34486	1	0	7	-111.055
2.34493	1	0	0	-117.348
2.3455	1	0	7	-111.049
2.34586	3	0	5	-89.562
2.34593	1	0	0	-117.332
2.34607	1	0	7	-111.063
2.34707	1	0	7	-111.078
2.34786	3	0	6	-103.285
2.34793	3	0	5	-89.6234
2.34807	1	0	7	-111.059
2.34893	3	0	5	-89.6128
2.34907	1	0	0	-117.406
2.34914	1	0	1	-105.357
2.3495	1	0	2	-104.399
2.34986	1	0	7	-111.045
2.35007	1	0	1	-105.436
2.35036	1	0	2	-104.448
2.35057	1	0	7	-111.085
2.35107	1	0	7	-111.094
2.35186	3	0	5	-89.6187
2.35207	1	0	7	-111.136
2.35293	1	0	7	-111.148
2.35307	1	0	7	-111.122
2.35386	3	0	6	-103.25
2.35393	3	0	5	-89.6387
2.35407	1	0	1	-105.254
2.35457	1	0	2	-104.482
2.35479	1	0	7	-111.145
2.35486	1	0	0	-117.394
2.35493	3	0	5	-89.6791
2.35507	1	0	1	-105.291
2.35557	1	0	7	-111.158
2.35607	1	0	1	-105.305
2.35686	1	0	7	-111.17
2.35707	1	0	7	-111.204
2.35786	3	0	5	-89.6811
2.35807	1	0	7	-111.172
2.35907	1	0	1	-105.375
2.35986	3	0	6	-103.227
2.35986	1	0	7	-111.169
2.35993	3	0	5	-89.7132
2.36007	1	0	0	-117.423
2.36036	1	0	1	-105.399
2.36057	1	0	7	-111.202
2.36093	3	0	5	-89.69
2.36107	1	0	0	-117.429
2.3615	1	0	1	-105.414
2.36207	1	0	0	-117.429
2.36257	1	0	1	-105.396
2.36307	1	0	0	-117.414
2.3635	1	0	7	-111.085
2.36386	3	0	5	-89.6584
2.36407	1	0	0	-117.414
2.36486	3	0	6	-103.292
2.36486	1	0	7	-111.063
2.36507	1	0	7	-111.055
2.36564	1	0	0	-117.471
2.36579	3	0	6	-103.322
2.36593	3	0	5	-89.6029
2.36607	1	0	7	-111.056
2.3665	1	0	0	-117.43
2.36693	3	0	5	-89.5796
2.36707	1	0	7	-111.048
2.36743	1	0	0	-117.438
2.36807	1	0	7	-111.023
2.3685	1	0	0	-117.444
2.36886	3	0	4	-104.44
2.36907	1	0	7	-111.07
2.36914	1	0	0	-117.463
2.36986	3	0	5	-89.5327
2.37007	1	0	0	-117.49
2.37036	1	0	7	-111.093
2.37114	1	0	0	-117.469
2.37143	1	0	7	-111.079
2.37186	1	0	1	-105.516
2.37186	3	0	6	-103.419
2.37193	3	0	5	-89.5078
2.37229	1	0	0	-117.463
2.37257	1	0	7	-111.093
2.37293	3	0	5	-89.4726
2.37321	1	0	0	-117.453
2.3735	1	0	7	-111.067
2.37393	1	0	2	-104.559
2.37407	1	0	0	-117.48
2.37436	1	0	7	-111.054
2.37493	1	0	2	-104.606
2.37493	1	0	1	-105.435
2.37507	1	0	7	-111.018
2.37564	1	0	0	-117.497
2.37579	3	0	5	-89.5155
2.37593	1	0	1	-105.38
2.37621	1	0	7	-111.021
2.37664	1	0	0	-117.471
2.37729	1	0	7	-110.998
2.37764	1	0	0	-117.463
2.37786	3	0	6	-103.419
2.37793	3	0	5	-89.5564
2.37829	1	0	7	-111.025
2.37864	1	0	0	-117.424
2.37893	3	0	5	-89.5671
2.37893	1	0	0	-117.411
2.37907	1	0	2	-104.576
2.37914	1	0	7	-111.053
2.37964	1	0	0	-117.362
2.37993	3	0	6	-103.359
2.37993	1	0	0	-117.378
2.38007	1	0	0	-117.402
2.38036	1	0	1	-105.356
2.38043	1	0	7	-111
2.38107	1	0	7	-111.004
2.38207	1	0	7	-111.038
2.38286	1	0	0	-117.393
2.38293	1	0	7	-111
2.38357	1	0	7	-110.98
2.38386	3	0	5	-89.6108
2.38393	3	0	5	-89.6073
2.38407	1	0	2	-104.607
2.38443	1	0	7	-110.985
2.38486	3	0	6	-103.413
2.38493	3	0	5	-89.6626
2.38507	1	0	2	-104.592
2.38514	1	0	7	-110.971
2.38564	1	0	0	-117.349
2.38593	1	0	0	-117.346
2.38607	1	0	7	-111.015
2.38693	1	0	0	-117.38
2.38707	1	0	2	-104.602
2.38714	1	0	7	-111.078
2.38807	1	0	1	-105.331
2.38836	1	0	2	-104.574
2.38857	1	0	7	-111.042
2.38907	1	0	1	-105.352
2.38921	1	0	2	-104.591
2.38943	1	0	7	-111.076
2.38986	3	0	5	-89.64
2.39007	1	0	1	-105.35
2.39021	1	0	2	-104.58
2.39043	1	0	7	-111.043
2.39086	3	0	6	-103.509
2.39107	1	0	7	-111.061
2.39193	3	0	5	-89.6824
2.39207	1	0	2	-104.609
2.39214	1	0	7	-111.079
2.39293	3	0	5	-89.6968
2.39307	1	0	0	-117.464
2.39314	1	0	1	-105.33
2.39386	1	0	7	-111.069
2.39407	1	0	1	-105.284
2.39479	1	0	7	-111.069
2.39507	1	0	1	-105.284
2.3955	1	0	7	-111.018
2.39579	3	0	5	-89.6657
2.39607	1	0	1	-105.311
2.3965	1	0	7	-111.003
2.39686	3	0	6	-103.379
2.39707	1	0	1	-105.261
2.3975	1	0	7	-110.999
2.39786	1	0	3	-113.941
2.39793	3	0	5	-89.7223
2.39793	1	0	7	-111.018
2.39807	1	0	1	-105.273
2.39879	1	0	7	-111.034
2.39886	1	0	0	-117.583
2.39893	3	0	5	-89.708
2.39907	1	0	1	-105.259
2.39979	1	0	7	-111.085
2.40007	1	0	1	-105.363
2.40043	1	0	7	-111.092
2.40086	1	0	8	-121.095
2.4015	1	0	7	-111.069
2.40186	3	0	5	-89.693
2.40257	1	0	7	-111.042
2.40279	3	0	6	-103.385
2.40386	3	0	9	-106.723
2.40386	1	0	7	-111.034
2.40393	1	0	2	-104.427
2.40393	1	0	1	-105.39
2.40393	3	0	5	-89.7108
2.40407	1	0	0	-117.619
2.40479	1	0	7	-111.014
2.40493	1	0	2	-104.447
2.40493	1	0	1	-105.317
2.40493	3	0	5	-89.7395
2.40507	1	0	0	-117.623
2.4055	1	0	7	-111.005
2.40607	1	0	0	-117.645
2.4065	1	0	7	-111.014
2.40707	1	0	0	-117.682
2.40757	1	0	7	-110.998
2.40807	1	0	0	-117.671
2.40886	3	0	6	-103.405
2.40886	1	0	7	-110.944
2.40907	1	0	1	-105.283
2.40914	1	0	7	-110.912
2.40921	1	0	0	-117.715
2.40986	3	0	5	-89.818
2.40993	3	0	6	-103.376
2.40993	3	0	5	-89.8169
2.41007	1	0	7	-110.87
2.4105	1	0	0	-117.735
2.41093	3	0	5	-89.7821
2.41107	1	0	7	-110.895
2.4115	1	0	0	-117.704
2.41207	1	0	7	-110.879
2.41243	1	0	0	-117.734
2.41307	1	0	7	-110.813
2.41314	1	0	0	-117.704
2.41407	1	0	0	-117.706
2.4145	1	0	1	-105.19
2.41486	3	0	6	-103.314
2.41486	1	0	7	-110.785
2.41507	1	0	0	-117.717
2.41529	1	0	1	-105.1
2.4155	1	0	7	-110.834
2.41579	3	0	5	-89.7939
2.41607	1	0	0	-117.745
2.41621	1	0	1	-105.146
2.41643	1	0	7	-110.784
2.41686	1	0	2	-104.311
2.41686	3	0	5	-89.8058
2.41707	1	0	0	-117.715
2.41736	1	0	1	-105.115
2.41757	1	0	7	-110.805
2.41793	3	0	5	-89.7723
2.41807	1	0	0	-117.74
2.4185	1	0	1	-105.133
2.41886	1	0	7	-110.765
2.41893	1	0	3	-113.871
2.41893	3	0	5	-89.7364
2.41907	1	0	1	-105.145
2.41943	1	0	7	-110.729
2.4195	1	0	0	-117.689
2.42007	1	0	1	-105.193
2.42029	1	0	7	-110.673
2.42071	1	0	0	-117.709
2.42086	3	0	6	-103.37
2.42107	1	0	1	-105.174
2.42136	1	0	7	-110.645
2.42179	1	0	0	-117.693
2.42186	3	0	5	-89.7203
2.42207	1	0	1	-105.145
2.42229	1	0	7	-110.646
2.42264	1	0	0	-117.663
2.42307	1	0	1	-105.135
2.42321	1	0	3	-113.866
2.42329	1	0	7	-110.683
2.4235	1	0	0	-117.637
2.42393	3	0	5	-89.7067
2.42407	1	0	0	-117.636
2.42436	1	0	1	-105.115
2.42464	1	0	7	-110.705
2.42493	3	0	5	-89.7143
2.42507	1	0	1	-105.142
2.4255	1	0	7	-110.655
2.42607	1	0	1	-105.144
2.4265	1	0	7	-110.65
2.42686	3	0	6	-103.242
2.42707	1	0	1	-105.19
2.42729	1	0	7	-110.698
2.42857	1	0	1	-105.272
2.42864	1	0	7	-110.721
2.42886	1	0	3	-113.876
2.42936	1	0	7	-110.69
2.42964	1	0	0	-117.652
2.42986	3	0	5	-89.6957
2.42993	3	0	5	-89.6922
2.4305	1	0	7	-110.711
2.43093	1	0	2	-104.347
2.43093	1	0	1	-105.327
2.43093	1	0	0	-117.638
2.43093	3	0	5	-89.7429
2.4315	1	0	7	-110.705
2.43193	1	0	2	-104.318
2.43193	1	0	1	-105.328
2.43193	1	0	0	-117.598
2.43229	1	0	7	-110.726
2.43279	3	0	6	-103.232
2.43293	1	0	0	-117.596
2.43371	1	0	7	-110.76
2.43407	1	0	3	-113.872
2.43464	1	0	7	-110.754
2.43507	1	0	3	-113.849
2.43543	1	0	7	-110.785
2.43579	3	0	5	-89.7319
2.43593	1	0	0	-117.574
2.43671	1	0	1	-105.316
2.43679	1	0	2	-104.407
2.43686	1	0	7	-110.828
2.43693	1	0	0	-117.55
2.43729	1	0	7	-110.823
2.43793	3	0	5	-89.7889
2.43807	1	0	7	-110.848
2.43886	3	0	6	-103.225
2.43893	3	0	5	-89.8111
2.43893	1	0	0	-117.525
2.43907	1	0	3	-113.814
2.43943	1	0	7	-110.93
2.43993	1	0	0	-117.551
2.43993	3	0	6	-103.248
2.44043	1	0	7	-110.936
2.44107	1	0	0	-117.51
2.44114	1	0	1	-105.252
2.44143	1	0	2	-104.423
2.44171	1	0	7	-110.912
2.44186	3	0	5	-89.7702
2.44207	1	0	1	-105.214
2.44236	1	0	2	-104.403
2.44264	1	0	7	-110.938
2.44293	1	0	3	-113.807
2.44293	1	0	7	-110.957
2.44307	1	0	7	-110.976
2.44393	1	0	3	-113.849
2.44393	3	0	5	-89.7273
2.44407	1	0	1	-105.23
2.44421	1	0	2	-104.383
2.44443	1	0	7	-110.906
2.44486	3	0	6	-103.323
2.44493	3	0	5	-89.7783
2.44507	1	0	1	-105.206
2.44521	1	0	2	-104.401
2.44543	1	0	7	-110.909
2.44586	3	0	6	-103.338
2.44607	1	0	1	-105.2
2.44636	1	0	2	-104.38
2.44664	1	0	7	-110.915
2.44686	1	0	0	-117.48
2.44707	1	0	1	-105.127
2.44736	1	0	2	-104.365
2.44764	1	0	7	-110.928
2.44786	3	0	5	-89.7973
2.44807	1	0	7	-110.931
2.44886	3	0	4	-104.062
2.44907	1	0	1	-105.047
2.44921	1	0	2	-104.339
2.44936	1	0	3	-113.818
2.44943	1	0	7	-110.857
2.44993	3	0	5	-89.7776
2.45007	1	0	1	-105.002
2.45071	1	0	2	-104.333
2.45086	1	0	7	-110.86
2.45093	3	0	5	-89.7742
2.45164	1	0	7	-110.839
2.45186	1	0	1	-105.029
2.45186	3	0	6	-103.341
2.45207	1	0	0	-117.56
2.45236	1	0	1	-105.018
2.45264	1	0	7	-110.872
2.45307	1	0	0	-117.553
2.4535	1	0	7	-110.847
2.45379	3	0	5	-89.7926
2.45393	1	0	2	-104.361
2.45393	1	0	1	-105.044
2.45407	1	0	0	-117.569
2.45436	1	0	1	-105.007
2.4545	1	0	3	-113.951
2.45471	1	0	7	-110.853
2.45493	1	0	2	-104.323
2.45493	1	0	1	-105.039
2.45507	1	0	0	-117.575
2.4555	1	0	3	-113.976
2.45586	1	0	7	-110.843
2.45593	3	0	5	-89.7716
2.45607	1	0	0	-117.576
2.45636	1	0	3	-113.984
2.45664	1	0	7	-110.889
2.45693	3	0	5	-89.7793
2.45707	1	0	3	-113.984
2.45736	1	0	7	-110.943
2.45764	1	0	0	-117.641
2.45786	3	0	6	-103.285
2.45807	1	0	7	-110.962
2.4585	1	0	0	-117.665
2.45907	1	0	1	-105.02
2.45914	1	0	2	-104.31
2.45921	1	0	7	-110.977
2.45943	1	0	3	-114.015
2.45964	1	0	0	-117.664
2.45986	3	0	5	-89.815
2.46007	1	0	3	-114.053
2.46043	1	0	7	-110.999
2.4605	1	0	0	-117.704
2.46107	1	0	3	-114.004
2.46136	1	0	7	-111.042
2.46164	1	0	0	-117.695
2.46193	3	0	5	-89.8156
2.46207	1	0	3	-113.967
2.46257	1	0	7	-111.069
2.46286	1	0	0	-117.688
2.46293	3	0	5	-89.8265
2.46307	1	0	0	-117.686
2.46336	1	0	3	-113.956
2.4635	1	0	7	-111.056
2.46379	3	0	6	-103.25
2.46407	1	0	0	-117.67
2.46421	1	0	1	-104.769
2.46436	1	0	2	-104.202
2.4645	1	0	3	-113.988
2.46471	1	0	7	-111.013
2.46507	1	0	0	-117.704
2.46521	1	0	1	-104.768
2.46536	1	0	2	-104.223
2.4655	1	0	3	-113.995
2.46571	1	0	7	-111.036
2.46607	1	0	0	-117.696
2.46621	1	0	1	-104.714
2.46643	1	0	2	-104.233
2.46664	1	0	7	-110.966
2.46707	1	0	0	-117.762
2.46721	1	0	1	-104.681
2.46743	1	0	2	-104.225
2.46764	1	0	7	-110.942
2.46786	3	0	5	-89.8609
2.46793	3	0	5	-89.8653
2.46807	1	0	1	-104.728
2.46821	1	0	2	-104.22
2.46836	1	0	7	-110.943
2.4685	1	0	3	-113.954
2.46864	1	0	0	-117.732
2.46893	3	0	5	-89.8707
2.46907	1	0	1	-104.743
2.46936	1	0	2	-104.213
2.46957	1	0	7	-110.913
2.46979	1	0	0	-117.717
2.46986	3	0	6	-103.205
2.47007	1	0	1	-104.685
2.47036	1	0	2	-104.233
2.47057	1	0	7	-110.911
2.47079	1	0	0	-117.73
2.47107	1	0	1	-104.657
2.47136	1	0	2	-104.246
2.47157	1	0	7	-110.905
2.47179	1	0	0	-117.714
2.47207	1	0	1	-104.639
2.47236	1	0	2	-104.253
2.47257	1	0	7	-110.892
2.47279	1	0	0	-117.731
2.47307	1	0	0	-117.741
2.47336	1	0	1	-104.637
2.47357	1	0	2	-104.272
2.47379	1	0	7	-110.891
2.47386	3	0	5	-89.7345
2.47407	1	0	0	-117.754
2.47443	1	0	2	-104.276
2.47471	1	0	7	-110.895
2.47507	1	0	0	-117.754
2.47571	1	0	7	-110.864
2.47586	3	0	6	-103.291
2.47593	3	0	5	-89.781
2.47607	1	0	0	-117.774
2.47671	1	0	7	-110.849
2.47693	3	0	5	-89.7573
2.47693	3	0	6	-103.317
2.47707	1	0	0	-117.753
2.47764	1	0	7	-110.854
2.47786	1	0	3	-114.038
2.4785	1	0	7	-110.796
2.47864	1	0	0	-117.716
2.47936	1	0	7	-110.812
2.47957	1	0	0	-117.761
2.47986	3	0	5	-89.7419
2.48007	1	0	7	-110.768
2.48021	1	0	0	-117.748
2.48086	1	0	8	-120.949
2.48093	1	0	3	-114.033
2.48093	1	0	2	-104.283
2.48093	1	0	1	-104.615
2.48093	1	0	0	-117.737
2.48107	1	0	7	-110.732
2.48129	1	0	0	-117.74
2.48186	3	0	6	-103.347
2.48193	1	0	3	-114.027
2.48193	1	0	2	-104.284
2.48193	1	0	1	-104.625
2.48193	3	0	5	-89.6568
2.48193	1	0	0	-117.736
2.48214	1	0	7	-110.739
2.48236	1	0	0	-117.726
2.48293	3	0	5	-89.6878
2.48307	1	0	0	-117.728
2.4835	1	0	7	-110.708
2.48386	3	0	9	-106.687
2.48393	3	0	4	-103.994
2.48407	1	0	0	-117.742
2.48443	1	0	7	-110.755
2.48543	1	0	0	-117.763
2.48579	1	0	7	-110.759
2.48586	3	0	5	-89.6474
2.48607	1	0	1	-104.578
2.48614	1	0	2	-104.273
2.48621	1	0	3	-114.057
2.48629	1	0	7	-110.719
2.48707	1	0	0	-117.765
2.48743	1	0	7	-110.701
2.48786	3	0	6	-103.326
2.48793	3	0	5	-89.6653
2.48793	1	0	0	-117.75
2.48807	1	0	7	-110.734
2.4885	1	0	0	-117.779
2.48886	3	0	4	-104.006
2.48893	3	0	5	-89.6532
2.48893	1	0	0	-117.789
2.48907	1	0	7	-110.715
2.48957	1	0	0	-117.799
2.49043	1	0	7	-110.785
2.49057	1	0	0	-117.794
2.49107	1	0	1	-104.531
2.49114	1	0	2	-104.302
2.49121	1	0	7	-110.809
2.49179	3	0	5	-89.6404
2.49186	1	0	3	-113.9
2.49207	1	0	7	-110.788
2.49257	1	0	0	-117.75
2.49293	1	0	0	-117.741
2.49307	1	0	0	-117.726
2.49314	1	0	1	-104.515
2.49329	1	0	2	-104.264
2.4935	1	0	7	-110.788
2.49386	3	0	6	-103.282
2.49393	3	0	5	-89.5517
2.49393	1	0	0	-117.734
2.49407	1	0	0	-117.739
2.49421	1	0	1	-104.473
2.49436	1	0	2	-104.249
2.49443	1	0	7	-110.765
2.49479	3	0	4	-104.084
2.49493	3	0	5	-89.5357
2.49507	1	0	0	-117.719
2.49529	1	0	1	-104.518
2.4955	1	0	2	-104.221
2.49571	1	0	7	-110.782
2.49607	1	0	0	-117.681
2.49614	1	0	1	-104.514
2.49621	1	0	7	-110.804
2.49686	3	0	5	-89.4694
2.49686	1	0	2	-104.196
2.49707	1	0	0	-117.719
2.49721	1	0	1	-104.517
2.49729	1	0	2	-104.149
2.49736	1	0	3	-113.912
2.49743	1	0	7	-110.791
2.49807	1	0	1	-104.469
2.49821	1	0	2	-104.157
2.49843	1	0	3	-113.892
2.49864	1	0	7	-110.791
2.49886	1	0	0	-117.686
2.49907	1	0	1	-104.504
2.49921	1	0	2	-104.182
2.49936	1	0	3	-113.925
2.49957	3	0	5	-89.4973
2.49957	1	0	7	-110.794
2.49964	3	0	6	-103.239
2.49979	3	0	4	-104.005
2.49979	1	0	0	-117.703
2.49993	3	0	5	-89.5244
2.50007	1	0	1	-104.513
2.50021	1	0	2	-104.148
2.50036	1	0	3	-113.993
2.5005	1	0	7	-110.812
2.50071	1	0	0	-117.703
2.50093	3	0	5	-89.5321
2.50107	1	0	1	-104.465
2.50121	1	0	2	-104.176
2.50143	1	0	3	-113.993
2.50164	1	0	7	-110.73
2.50186	1	0	0	-117.724
2.50207	1	0	1	-104.462
2.50221	1	0	2	-104.155
2.50236	1	0	3	-114.027
2.50257	1	0	7	-110.709
2.50279	1	0	0	-117.727
2.50307	1	0	0	-117.721
2.50321	1	0	1	-104.496
2.50336	1	0	2	-104.131
2.5035	1	0	3	-114.016
2.50371	1	0	7	-110.738
2.50407	1	0	0	-117.713
2.50421	1	0	1	-104.485
2.50436	1	0	2	-104.087
2.5045	1	0	3	-114.05
2.50471	1	0	7	-110.728
2.50486	3	0	6	-103.115
2.50507	1	0	0	-117.685
2.50536	1	0	1	-104.505
2.50557	1	0	7	-110.712
2.50579	1	0	3	-114.079
2.50586	3	0	5	-89.565
2.50607	1	0	0	-117.69
2.50629	1	0	1	-104.535
2.5065	1	0	3	-114.061
2.50671	1	0	7	-110.732
2.50693	3	0	6	-103.104
2.50693	3	0	5	-89.5803
2.50707	1	0	0	-117.645
2.50736	1	0	1	-104.483
2.50743	1	0	3	-114.045
2.50771	1	0	7	-110.723
2.50793	3	0	4	-103.939
2.50793	3	0	5	-89.5667
2.50807	1	0	3	-114.04
2.50857	1	0	7	-110.747
2.50879	1	0	0	-117.684
2.50893	3	0	4	-103.968
2.50921	1	0	3	-114.087
2.50957	1	0	7	-110.745
2.50979	1	0	0	-117.678
2.51043	1	0	7	-110.705
2.51064	1	0	0	-117.684
2.51136	1	0	3	-114.106
2.5115	1	0	7	-110.734
2.51171	1	0	0	-117.674
2.51179	3	0	5	-89.5368
2.51186	3	0	6	-103.115
2.51193	1	0	2	-103.993
2.51193	1	0	0	-117.662
2.51243	1	0	7	-110.699
2.51264	1	0	0	-117.665
2.51293	1	0	2	-103.994
2.51293	1	0	1	-104.503
2.51293	1	0	0	-117.655
2.51307	1	0	0	-117.647
2.5135	1	0	7	-110.767
2.51386	3	0	4	-103.997
2.51393	1	0	1	-104.489
2.51393	3	0	5	-89.5454
2.51393	1	0	0	-117.656
2.51407	1	0	0	-117.638
2.51429	1	0	7	-110.773
2.51493	3	0	5	-89.5643
2.51493	1	0	3	-114.017
2.5155	1	0	0	-117.663
2.51571	1	0	7	-110.752
2.51593	1	0	3	-113.989
2.51664	1	0	0	-117.646
2.51686	1	0	7	-110.672
2.51686	3	0	5	-89.5453
2.51707	1	0	0	-117.643
2.51729	1	0	2	-103.945
2.51736	1	0	7	-110.687
2.51786	3	0	6	-103.147
2.51793	1	0	0	-117.661
2.51807	1	0	7	-110.657
2.5185	1	0	0	-117.647
2.51893	3	0	5	-89.5133
2.51893	1	0	0	-117.621
2.51907	1	0	7	-110.658
2.51964	3	0	4	-104.049
2.51971	1	0	0	-117.589
2.51993	3	0	5	-89.5276
2.51993	1	0	0	-117.595
2.52007	1	0	1	-104.493
2.52014	1	0	3	-114.033
2.52021	1	0	7	-110.652
2.52071	1	0	0	-117.597
2.52107	1	0	7	-110.625
2.52171	1	0	0	-117.599
2.52207	1	0	2	-103.947
2.52214	1	0	7	-110.589
2.52271	1	0	0	-117.632
2.52307	1	0	0	-117.642
2.52329	1	0	2	-103.992
2.5235	1	0	7	-110.53
2.52386	3	0	6	-103.155
2.52407	1	0	0	-117.628
2.52421	1	0	2	-104.026
2.52429	1	0	7	-110.506
2.52479	3	0	5	-89.5351
2.52486	3	0	6	-103.18
2.52493	3	0	5	-89.5256
2.52507	1	0	0	-117.629
2.52521	1	0	1	-104.498
2.52529	1	0	2	-104.029
2.52536	1	0	3	-114.079
2.52543	1	0	7	-110.553
2.52593	3	0	5	-89.5589
2.52607	1	0	1	-104.518
2.52614	1	0	2	-104.031
2.52621	1	0	3	-114.07
2.52629	1	0	7	-110.544
2.52707	1	0	0	-117.61
2.52714	1	0	1	-104.42
2.52721	1	0	2	-104.031
2.52729	1	0	3	-114.058
2.52736	1	0	7	-110.531
2.52793	3	0	4	-104
2.52807	1	0	1	-104.427
2.52821	1	0	2	-104.017
2.52836	1	0	3	-114.062
2.5285	1	0	7	-110.509
2.52871	1	0	0	-117.56
2.52886	3	0	4	-103.96
2.52893	3	0	4	-103.964
2.52907	1	0	1	-104.495
2.52921	1	0	2	-104.039
2.52936	1	0	3	-114.076
2.52957	1	0	7	-110.5
2.52979	3	0	6	-103.208
2.52979	1	0	0	-117.513
2.53007	1	0	1	-104.375
2.53014	1	0	2	-104.025
2.53021	1	0	3	-114.057
2.53029	1	0	7	-110.521
2.53079	1	0	0	-117.534
2.53086	3	0	5	-89.6211
2.53107	1	0	0	-117.538
2.53121	1	0	2	-104.038
2.53143	1	0	3	-114.081
2.53164	1	0	7	-110.517
2.53186	1	0	1	-104.437
2.53193	3	0	5	-89.6489
2.53207	1	0	1	-104.448
2.53236	1	0	2	-104.056
2.53257	1	0	7	-110.54
2.53279	1	0	3	-114.109
2.53286	1	0	0	-117.473
2.53293	3	0	5	-89.6235
2.53307	1	0	0	-117.479
2.53321	1	0	1	-104.483
2.53336	1	0	2	-104.072
2.53357	1	0	7	-110.538
2.53379	1	0	3	-114.097
2.53386	3	0	4	-104.01
2.53407	1	0	0	-117.491
2.53421	1	0	1	-104.455
2.53436	1	0	2	-104.044
2.5345	1	0	3	-114.097
2.53471	1	0	7	-110.525
2.53507	1	0	0	-117.492
2.53521	1	0	1	-104.387
2.53543	1	0	2	-104.004
2.53564	1	0	7	-110.587
2.53586	3	0	6	-103.204
2.53586	1	0	3	-114.063
2.53607	1	0	1	-104.373
2.53621	1	0	2	-104.053
2.53636	1	0	7	-110.577
2.53657	1	0	3	-114.075
2.53679	1	0	0	-117.482
2.53686	3	0	5	-89.6058
2.53693	3	0	6	-103.216
2.53707	1	0	0	-117.476
2.53729	1	0	1	-104.339
2.5375	1	0	3	-114.076
2.53771	1	0	7	-110.535
2.53807	1	0	1	-104.346
2.53836	1	0	3	-114.092
2.53857	1	0	7	-110.526
2.53879	1	0	0	-117.454
2.53893	3	0	5	-89.6103
2.53907	1	0	1	-104.356
2.53936	1	0	3	-114.105
2.53943	3	0	4	-104.103
2.53957	1	0	7	-110.527
2.53979	1	0	0	-117.416
2.53993	3	0	5	-89.598
2.54007	1	0	1	-104.286
2.54021	1	0	3	-114.112
2.54057	1	0	7	-110.606
2.54079	1	0	0	-117.381
2.54107	1	0	0	-117.357
2.54136	1	0	3	-114.12
2.54171	1	0	7	-110.523
2.54186	3	0	6	-103.315
2.54207	1	0	3	-114.134
2.54236	1	0	7	-110.527
2.54264	1	0	0	-117.401
2.54286	1	0	0	-117.401
2.54286	3	0	5	-89.5514
2.54307	1	0	0	-117.4
2.54336	1	0	3	-114.142
2.54364	1	0	7	-110.504
2.54407	1	0	0	-117.354
2.54436	1	0	7	-110.521
2.54471	1	0	3	-114.13
2.54493	3	0	5	-89.5285
2.54507	1	0	0	-117.389
2.54536	1	0	7	-110.499
2.54557	1	0	3	-114.17
2.54593	3	0	5	-89.5336
2.54607	1	0	3	-114.177
2.54636	1	0	7	-110.549
2.54664	1	0	0	-117.355
2.54707	1	0	0	-117.35
2.54736	1	0	7	-110.544
2.54764	1	0	3	-114.24
2.54786	3	0	6	-103.528
2.54793	3	0	4	-104.092
2.54807	1	0	3	-114.222
2.54836	1	0	7	-110.549
2.54864	1	0	0	-117.303
2.54893	3	0	4	-104.097
2.54907	1	0	3	-114.201
2.54929	1	0	7	-110.514
2.54964	1	0	0	-117.298
2.55007	1	0	3	-114.186
2.55043	1	0	7	-110.553
2.55064	1	0	0	-117.345
2.55086	3	0	5	-89.5842
2.55093	3	0	5	-89.5812
2.55107	1	0	0	-117.344
2.55136	1	0	7	-110.518
2.55164	1	0	3	-114.161
2.55193	3	0	5	-89.5499
2.55207	1	0	3	-114.162
2.55236	1	0	7	-110.5
2.55264	1	0	0	-117.373
2.55286	3	0	6	-103.48
2.55307	1	0	0	-117.354
2.55336	1	0	7	-110.531
2.55364	1	0	3	-114.169
2.55386	3	0	4	-104.19
2.55407	1	0	0	-117.373
2.55436	1	0	7	-110.535
2.55471	1	0	3	-114.143
2.55507	1	0	0	-117.412
2.5555	1	0	7	-110.518
2.55636	1	0	7	-110.495
2.55664	1	0	0	-117.467
2.55686	3	0	5	-89.5445
2.55707	1	0	0	-117.468
2.55736	1	0	7	-110.473
2.55757	1	0	3	-114.12
2.55786	1	0	3	-114.118
2.55836	1	0	7	-110.455
2.55864	1	0	0	-117.441
2.55871	3	0	6	-103.437
2.55893	1	0	2	-104.204
2.55893	1	0	1	-104.326
2.55893	3	0	5	-89.4964
2.55893	1	0	3	-114.13
2.55893	1	0	0	-117.434
2.55929	3	0	4	-104.171
2.55929	1	0	7	-110.426
2.55964	1	0	0	-117.415
2.55993	1	0	2	-104.227
2.55993	1	0	1	-104.329
2.55993	3	0	5	-89.5006
2.55993	1	0	3	-114.168
2.55993	1	0	0	-117.41
2.56007	1	0	7	-110.452
2.56043	1	0	0	-117.386
2.56086	1	0	8	-121.176
2.56093	1	0	0	-117.393
2.56107	1	0	0	-117.392
2.5615	1	0	7	-110.441
2.56193	1	0	0	-117.41
2.56243	1	0	7	-110.408
2.56264	1	0	0	-117.377
2.56286	3	0	5	-89.4698
2.56293	1	0	0	-117.353
2.56307	1	0	7	-110.393
2.56386	3	0	9	-106.305
2.56429	1	0	0	-117.334
2.56436	1	0	1	-104.232
2.56443	1	0	2	-104.243
2.5645	1	0	3	-114.141
2.56457	1	0	7	-110.323
2.56486	3	0	6	-103.376
2.56493	3	0	5	-89.4202
2.56493	1	0	3	-114.141
2.56507	1	0	0	-117.323
2.56557	1	0	7	-110.319
2.56593	3	0	5	-89.4239
2.56593	1	0	3	-114.139
2.56607	1	0	7	-110.304
2.5665	1	0	0	-117.368
2.56693	3	0	6	-103.38
2.56693	1	0	0	-117.397
2.56707	1	0	0	-117.377
2.5675	1	0	7	-110.329
2.56793	3	0	4	-104.214
2.56793	1	0	0	-117.386
2.56807	1	0	7	-110.331
2.56886	3	0	5	-89.4431
2.56893	3	0	4	-104.234
2.56907	1	0	1	-104.277
2.56936	1	0	2	-104.239
2.56957	1	0	7	-110.339
2.56979	1	0	3	-114.156
2.56986	1	0	0	-117.403
2.57007	1	0	1	-104.337
2.57021	1	0	2	-104.247
2.57036	1	0	7	-110.332
2.57043	1	0	0	-117.43
2.57093	3	0	5	-89.4335
2.57107	1	0	0	-117.423
2.57121	1	0	1	-104.281
2.57136	1	0	2	-104.221
2.5715	1	0	7	-110.298
2.57186	3	0	6	-103.419
2.57193	3	0	5	-89.4344
2.57207	1	0	7	-110.325
2.5725	1	0	0	-117.399
2.57307	1	0	0	-117.369
2.57329	1	0	1	-104.187
2.5735	1	0	2	-104.206
2.57371	1	0	7	-110.287
2.57386	3	0	4	-104.33
2.57407	1	0	0	-117.354
2.57421	1	0	1	-104.232
2.57436	1	0	2	-104.198
2.5745	1	0	3	-114.158
2.57471	1	0	7	-110.267
2.57507	1	0	0	-117.322
2.57521	1	0	1	-104.143
2.57543	1	0	2	-104.19
2.57564	1	0	3	-114.17
2.57586	1	0	7	-110.289
2.57607	1	0	1	-104.166
2.57629	1	0	3	-114.183
2.5765	1	0	7	-110.232
2.57671	1	0	0	-117.299
2.57686	3	0	5	-89.347
2.57686	1	0	2	-104.207
2.57707	1	0	0	-117.296
2.57721	1	0	1	-104.134
2.57736	1	0	2	-104.219
2.5775	1	0	3	-114.164
2.57771	1	0	7	-110.24
2.57779	3	0	5	-89.3808
2.57786	3	0	6	-103.388
2.57793	3	0	5	-89.3822
2.57807	1	0	1	-104.142
2.57821	1	0	2	-104.207
2.57836	1	0	3	-114.14
2.5785	1	0	7	-110.233
2.57871	1	0	0	-117.304
2.57907	3	0	4	-104.176
2.57907	1	0	1	-104.107
2.57921	1	0	2	-104.179
2.57936	1	0	3	-114.13
2.57957	1	0	7	-110.248
2.57979	1	0	0	-117.294
2.58007	1	0	2	-104.211
2.58014	1	0	3	-114.133
2.58057	3	0	4	-104.152
2.58071	1	0	7	-110.29
2.58079	1	0	0	-117.321
2.58107	1	0	0	-117.318
2.5815	1	0	7	-110.3
2.58171	1	0	3	-114.168
2.58207	1	0	3	-114.199
2.58257	1	0	7	-110.326
2.58279	1	0	0	-117.312
2.58279	3	0	5	-89.4188
2.58307	1	0	0	-117.288
2.58343	1	0	7	-110.354
2.58379	1	0	3	-114.207
2.58386	3	0	6	-103.464
2.58407	3	0	4	-104.26
2.58407	1	0	0	-117.278
2.58436	1	0	3	-114.234
2.58471	1	0	7	-110.359
2.58493	3	0	5	-89.4433
2.58507	1	0	0	-117.254
2.58521	1	0	7	-110.327
2.58536	1	0	3	-114.21
2.58593	3	0	5	-89.4356
2.58607	1	0	3	-114.199
2.58629	1	0	7	-110.368
2.5865	1	0	0	-117.247
2.58707	1	0	0	-117.254
2.58721	1	0	7	-110.351
2.58743	1	0	3	-114.214
2.58807	1	0	3	-114.209
2.58821	1	0	7	-110.364
2.58857	1	0	0	-117.299
2.58886	3	0	6	-103.595
2.58907	1	0	3	-114.178
2.58936	1	0	7	-110.354
2.58964	1	0	0	-117.313
2.59007	1	0	3	-114.216
2.59064	1	0	7	-110.339
2.59079	1	0	0	-117.291
2.59086	3	0	5	-89.3634
2.59093	3	0	5	-89.3617
2.59107	1	0	0	-117.304
2.59136	1	0	3	-114.204
2.59171	1	0	7	-110.267
2.59193	3	0	5	-89.3194
2.59207	1	0	3	-114.213
2.59257	1	0	7	-110.26
2.59279	1	0	0	-117.274
2.59293	3	0	4	-104.183
2.59307	1	0	0	-117.299
2.59336	1	0	3	-114.201
2.59364	1	0	7	-110.269
2.59393	3	0	4	-104.16
2.59407	1	0	0	-117.335
2.59436	1	0	7	-110.314
2.59464	1	0	3	-114.241
2.59471	3	0	6	-103.513
2.59507	1	0	0	-117.34
2.59536	1	0	3	-114.285
2.59564	1	0	7	-110.345
2.59621	1	0	3	-114.292
2.59657	1	0	0	-117.375
2.59686	1	0	7	-110.348
2.59686	3	0	5	-89.2357
2.59693	3	0	6	-103.517
2.59707	1	0	0	-117.366
2.59721	1	0	7	-110.323
2.59743	1	0	3	-114.283
2.59807	1	0	7	-110.305
2.59836	1	0	3	-114.259
2.59864	1	0	0	-117.396
2.59886	3	0	4	-104.146
2.59893	1	0	2	-104.308
2.59893	1	0	1	-104.18
2.59893	3	0	5	-89.2617
2.59907	1	0	3	-114.24
2.59936	1	0	7	-110.308
2.59964	1	0	0	-117.365
2.59993	1	0	2	-104.331
2.59993	1	0	1	-104.19
2.59993	3	0	5	-89.2856
2.60007	1	0	3	-114.242
2.60036	1	0	7	-110.349
2.60064	1	0	0	-117.329
2.60107	1	0	0	-117.333
2.60136	1	0	3	-114.25
2.60164	1	0	7	-110.337
2.60186	3	0	6	-103.389
2.60207	1	0	3	-114.229
2.60257	1	0	7	-110.312
2.60279	1	0	0	-117.346
2.60279	3	0	5	-89.3013
2.60307	1	0	0	-117.365
2.60336	1	0	3	-114.186
2.60364	1	0	7	-110.299
2.60407	3	0	4	-104.281
2.60407	1	0	0	-117.349
2.60429	1	0	1	-104.104
2.60436	1	0	7	-110.318
2.60464	1	0	3	-114.152
2.60486	3	0	6	-103.291
2.60493	3	0	5	-89.3334
2.60507	1	0	0	-117.358
2.60536	1	0	7	-110.345
2.6055	3	0	4	-104.251
2.60564	1	0	3	-114.157
2.60593	3	0	5	-89.3258
2.60614	1	0	3	-114.159
2.60636	1	0	7	-110.351
2.60664	1	0	0	-117.354
2.60707	1	0	0	-117.359
2.60721	1	0	7	-110.36
2.60743	1	0	3	-114.157
2.60786	3	0	6	-103.32
2.60836	1	0	7	-110.4
2.60864	1	0	0	-117.418
2.60886	3	0	4	-104.218
2.60893	1	0	2	-104.446
2.60907	1	0	1	-104.163
2.60914	3	0	4	-104.209
2.60936	1	0	7	-110.349
2.60971	1	0	0	-117.406
2.60993	1	0	2	-104.493
2.61007	1	0	1	-104.219
2.61036	1	0	7	-110.323
2.61043	3	0	5	-89.3012
2.6105	3	0	4	-104.249
2.61064	1	0	0	-117.397
2.61093	1	0	3	-114.137
2.61093	3	0	5	-89.3054
2.61093	1	0	0	-117.402
2.61107	1	0	0	-117.404
2.61136	1	0	7	-110.297
2.61164	1	0	3	-114.101
2.61186	1	0	1	-104.285
2.61193	3	0	5	-89.3031
2.61193	1	0	0	-117.413
2.61193	1	0	3	-114.089
2.61207	1	0	1	-104.297
2.61257	1	0	7	-110.316
2.61279	1	0	0	-117.422
2.61307	1	0	1	-104.327
2.6135	1	0	7	-110.354
2.61379	3	0	6	-103.437
2.61407	1	0	1	-104.318
2.6145	1	0	2	-104.508
2.61457	1	0	7	-110.417
2.61507	1	0	1	-104.303
2.6155	1	0	7	-110.445
2.61607	1	0	1	-104.277
2.61629	1	0	3	-114.085
2.61636	1	0	7	-110.453
2.61664	1	0	0	-117.413
2.61686	3	0	5	-89.2431
2.61707	1	0	1	-104.285
2.6175	1	0	7	-110.513
2.61793	3	0	4	-104.369
2.61793	3	0	5	-89.2373
2.6185	1	0	7	-110.563
2.61893	3	0	4	-104.363
2.61893	3	0	5	-89.1973
2.61907	1	0	2	-104.481
2.6195	1	0	7	-110.552
2.61986	3	0	6	-103.34
2.61993	3	0	4	-104.34
2.62007	1	0	2	-104.49
2.6205	1	0	7	-110.57
2.62093	1	0	0	-117.333
2.62093	1	0	3	-114.09
2.62093	1	0	1	-104.379
2.62107	1	0	2	-104.519
2.6215	1	0	7	-110.601
2.62186	1	0	3	-114.055
2.62193	1	0	0	-117.309
2.62193	1	0	1	-104.358
2.62193	1	0	7	-110.586
2.62193	1	0	3	-114.056
2.62229	1	0	2	-104.521
2.62243	1	0	7	-110.652
2.62279	3	0	5	-89.2047
2.62286	1	0	0	-117.313
2.62336	1	0	7	-110.639
2.62386	3	0	4	-104.305
2.62407	1	0	2	-104.523
2.6245	1	0	7	-110.72
2.62493	3	0	5	-89.1898
2.62493	1	0	0	-117.281
2.62507	1	0	2	-104.555
2.6255	1	0	7	-110.718
2.62586	3	0	6	-103.234
2.62593	3	0	5	-89.1801
2.62593	1	0	0	-117.256
2.62643	1	0	0	-117.27
2.6265	1	0	1	-104.317
2.62657	1	0	7	-110.702
2.62707	1	0	3	-113.999
2.6275	1	0	7	-110.669
2.62807	1	0	3	-113.987
2.62836	1	0	7	-110.666
2.62886	3	0	5	-89.2403
2.62893	1	0	2	-104.554
2.62893	1	0	7	-110.625
2.62907	3	0	4	-104.328
2.62907	1	0	3	-113.975
2.62971	1	0	7	-110.634
2.62993	1	0	2	-104.559
2.63007	1	0	3	-113.975
2.63057	3	0	4	-104.324
2.63093	3	0	5	-89.1888
2.63107	1	0	1	-104.205
2.6315	1	0	3	-113.944
2.63179	3	0	6	-103.254
2.63186	1	0	0	-117.265
2.63193	3	0	5	-89.2299
2.63207	1	0	1	-104.224
2.63229	1	0	3	-113.956
2.6325	1	0	7	-110.547
2.63307	1	0	1	-104.233
2.63321	1	0	3	-114.009
2.63336	1	0	7	-110.534
2.63393	3	0	6	-103.245
2.63407	3	0	4	-104.295
2.63407	1	0	7	-110.512
2.63429	1	0	3	-114.045
2.63507	1	0	3	-114.053
2.63607	1	0	1	-104.268
2.63643	1	0	2	-104.562
2.6365	1	0	3	-114.033
2.63686	1	0	7	-110.476
2.63686	3	0	5	-89.1797
2.63707	1	0	0	-117.253
2.6375	1	0	1	-104.335
2.63786	1	0	3	-114.035
2.63793	3	0	5	-89.2064
2.63807	1	0	0	-117.217
2.63836	1	0	1	-104.352
2.63857	1	0	7	-110.409
2.63879	1	0	3	-114.046
2.63886	3	0	6	-103.218
2.63893	3	0	5	-89.185
2.63907	1	0	0	-117.225
2.63929	1	0	1	-104.326
2.6395	1	0	3	-114.053
2.63971	1	0	7	-110.373
2.64007	1	0	0	-117.222
2.64021	1	0	1	-104.336
2.64043	1	0	3	-114.022
2.64064	1	0	7	-110.357
2.64086	1	0	8	-121.406
2.64107	1	0	0	-117.236
2.64121	1	0	1	-104.286
2.64143	1	0	2	-104.553
2.64164	1	0	3	-113.965
2.64186	1	0	7	-110.382
2.64207	1	0	1	-104.279
2.64221	1	0	2	-104.546
2.64236	1	0	3	-113.984
2.64243	1	0	7	-110.394
2.6425	1	0	0	-117.258
2.64279	3	0	5	-89.1375
2.64293	3	0	4	-104.424
2.64307	1	0	1	-104.302
2.64314	1	0	2	-104.574
2.64329	1	0	3	-113.955
2.64343	1	0	7	-110.342
2.64364	1	0	0	-117.324
2.64386	3	0	9	-106.455
2.64393	3	0	4	-104.482
2.64407	1	0	2	-104.567
2.64429	1	0	3	-113.965
2.6445	1	0	7	-110.312
2.64471	1	0	0	-117.359
2.64486	3	0	6	-103.132
2.64493	3	0	5	-89.1016
2.64507	1	0	2	-104.532
2.64514	1	0	3	-113.948
2.64557	1	0	7	-110.351
2.64579	1	0	0	-117.345
2.64593	3	0	5	-89.1112
2.64607	1	0	2	-104.496
2.64636	1	0	3	-113.924
2.64657	1	0	7	-110.302
2.64679	1	0	0	-117.372
2.64707	1	0	0	-117.362
2.64743	1	0	2	-104.466
2.64779	1	0	7	-110.334
2.64786	1	0	3	-113.897
2.64807	1	0	0	-117.382
2.64836	1	0	2	-104.516
2.64857	1	0	7	-110.337
2.64879	3	0	4	-104.493
2.64879	1	0	3	-113.884
2.64886	3	0	5	-89.1158
2.64907	1	0	0	-117.389
2.64936	1	0	3	-113.887
2.64971	1	0	7	-110.33
2.65007	1	0	0	-117.419
2.65036	1	0	3	-113.883
2.65064	1	0	7	-110.265
2.65086	3	0	6	-103.124
2.65093	3	0	5	-89.145
2.65107	1	0	0	-117.435
2.65136	1	0	3	-113.891
2.65171	1	0	7	-110.259
2.65193	3	0	5	-89.1745
2.65207	1	0	3	-113.902
2.65221	1	0	7	-110.235
2.65257	1	0	0	-117.395
2.65307	1	0	3	-113.889
2.65343	1	0	7	-110.232
2.65364	1	0	0	-117.433
2.65386	3	0	4	-104.539
2.65407	1	0	3	-113.823
2.65414	1	0	7	-110.254
2.65464	1	0	0	-117.446
2.65536	1	0	7	-110.314
2.65564	1	0	0	-117.453
2.65607	1	0	7	-110.333
2.65657	1	0	0	-117.434
2.65671	3	0	6	-103.17
2.65686	3	0	5	-89.1675
2.65686	1	0	2	-104.541
2.65707	1	0	0	-117.438
2.65757	1	0	7	-110.297
2.65786	3	0	5	-89.1583
2.65793	1	0	3	-113.858
2.65793	1	0	1	-104.226
2.65793	1	0	2	-104.543
2.65793	1	0	0	-117.427
2.65793	3	0	5	-89.1612
2.65807	1	0	0	-117.427
2.6585	1	0	7	-110.266
2.65893	1	0	3	-113.895
2.65893	1	0	1	-104.208
2.65893	1	0	2	-104.563
2.65893	1	0	0	-117.385
2.65907	3	0	4	-104.509
2.65907	1	0	0	-117.384
2.65936	1	0	7	-110.252
2.65986	1	0	3	-113.849
2.66007	1	0	0	-117.377
2.6605	1	0	7	-110.236
2.66057	3	0	4	-104.524
2.66107	1	0	0	-117.39
2.66143	1	0	7	-110.267
2.66186	3	0	6	-103.278
2.66207	1	0	7	-110.288
2.66243	1	0	0	-117.406
2.66307	1	0	7	-110.281
2.6635	1	0	0	-117.482
2.66379	3	0	5	-89.1699
2.66393	3	0	6	-103.284
2.66407	1	0	1	-104.196
2.66414	1	0	2	-104.514
2.66421	1	0	3	-113.859
2.66429	1	0	7	-110.256
2.66464	1	0	0	-117.485
2.66507	1	0	7	-110.233
2.6655	1	0	0	-117.474
2.66586	3	0	4	-104.427
2.66593	3	0	5	-89.0863
2.66607	1	0	3	-113.849
2.66636	1	0	7	-110.249
2.66657	1	0	0	-117.511
2.66693	3	0	5	-89.0645
2.66693	1	0	7	-110.222
2.66707	1	0	0	-117.5
2.66736	1	0	3	-113.84
2.66757	1	0	7	-110.278
2.66793	3	0	4	-104.485
2.66807	1	0	0	-117.497
2.66836	1	0	3	-113.794
2.66864	1	0	7	-110.25
2.66886	3	0	6	-103.421
2.66893	3	0	4	-104.474
2.66907	1	0	0	-117.507
2.66921	1	0	1	-104.271
2.66936	1	0	2	-104.416
2.6695	1	0	7	-110.26
2.66986	1	0	3	-113.784
2.66993	3	0	4	-104.445
2.67007	1	0	0	-117.491
2.67029	1	0	1	-104.247
2.6705	1	0	2	-104.473
2.67071	1	0	3	-113.789
2.67107	1	0	0	-117.484
2.67121	1	0	1	-104.236
2.67136	1	0	2	-104.438
2.6715	1	0	3	-113.748
2.67171	1	0	7	-110.302
2.67186	3	0	5	-88.9698
2.67193	3	0	5	-88.9776
2.67207	1	0	1	-104.235
2.67221	1	0	2	-104.466
2.67236	1	0	3	-113.771
2.67257	1	0	7	-110.303
2.67264	1	0	0	-117.456
2.67293	3	0	4	-104.458
2.67293	3	0	5	-88.9677
2.67307	1	0	1	-104.273
2.67321	1	0	2	-104.44
2.67329	1	0	3	-113.804
2.67336	1	0	7	-110.331
2.67364	1	0	0	-117.462
2.67393	3	0	4	-104.43
2.67407	1	0	1	-104.182
2.67421	1	0	2	-104.439
2.67436	1	0	3	-113.791
2.67457	1	0	7	-110.311
2.67479	1	0	0	-117.412
2.67486	3	0	6	-103.369
2.67507	1	0	1	-104.134
2.67521	1	0	2	-104.446
2.67536	1	0	3	-113.857
2.6755	1	0	7	-110.226
2.67571	1	0	0	-117.406
2.67607	1	0	1	-104.158
2.67629	1	0	2	-104.442
2.6765	1	0	3	-113.853
2.67671	1	0	0	-117.394
2.67686	1	0	7	-110.254
2.67707	1	0	0	-117.406
2.67736	1	0	1	-104.165
2.67757	1	0	2	-104.475
2.67764	1	0	3	-113.863
2.67786	1	0	7	-110.276
2.67786	3	0	5	-88.935
2.67807	1	0	0	-117.37
2.67829	1	0	1	-104.221
2.6785	1	0	3	-113.843
2.67871	1	0	7	-110.282
2.67886	3	0	4	-104.393
2.67907	1	0	0	-117.347
2.67929	1	0	1	-104.268
2.6795	1	0	3	-113.871
2.67971	1	0	7	-110.262
2.67993	3	0	5	-88.9671
2.68007	1	0	0	-117.339
2.68029	1	0	1	-104.291
2.6805	1	0	3	-113.859
2.68071	1	0	7	-110.314
2.68086	3	0	6	-103.419
2.68093	3	0	5	-88.9693
2.68107	1	0	0	-117.35
2.68129	1	0	1	-104.282
2.6815	1	0	3	-113.853
2.68171	1	0	7	-110.34
2.68207	1	0	1	-104.313
2.68236	1	0	3	-113.828
2.68257	1	0	7	-110.429
2.68264	1	0	0	-117.381
2.68307	1	0	1	-104.333
2.68329	1	0	3	-113.837
2.6835	1	0	7	-110.429
2.68371	1	0	0	-117.376
2.68386	3	0	5	-88.9392
2.68407	3	0	4	-104.245
2.68407	1	0	1	-104.313
2.68421	1	0	7	-110.397
2.68471	1	0	0	-117.403
2.68486	3	0	6	-103.429
2.68507	1	0	7	-110.382
2.6855	3	0	4	-104.278
2.68571	1	0	0	-117.368
2.68593	3	0	5	-88.9486
2.6865	1	0	7	-110.357
2.68671	1	0	0	-117.349
2.68679	3	0	6	-103.494
2.68693	3	0	5	-88.9707
2.68707	1	0	0	-117.328
2.6875	1	0	7	-110.362
2.68807	1	0	0	-117.339
2.68843	1	0	7	-110.346
2.68886	3	0	4	-104.319
2.68893	1	0	3	-113.82
2.68893	1	0	2	-104.498
2.68893	1	0	1	-104.304
2.68893	1	0	0	-117.378
2.68893	1	0	7	-110.38
2.68907	1	0	0	-117.362
2.68943	1	0	7	-110.379
2.6895	3	0	4	-104.35
2.68986	3	0	5	-88.9769
2.68993	1	0	3	-113.826
2.68993	1	0	2	-104.527
2.68993	1	0	1	-104.258
2.68993	1	0	0	-117.395
2.69007	1	0	0	-117.404
2.69029	1	0	7	-110.396
2.69129	1	0	0	-117.396
2.69164	1	0	7	-110.411
2.69186	1	0	1	-104.284
2.69193	3	0	5	-89.0088
2.69193	3	0	4	-104.325
2.69207	1	0	7	-110.431
2.6925	1	0	0	-117.433
2.69286	3	0	6	-103.538
2.69293	3	0	5	-89.0304
2.69293	3	0	4	-104.386
2.69307	1	0	7	-110.418
2.69357	1	0	0	-117.423
2.69393	1	0	3	-113.768
2.69393	3	0	4	-104.377
2.69393	3	0	6	-103.527
2.69407	1	0	7	-110.42
2.69457	1	0	0	-117.408
2.69493	1	0	3	-113.745
2.69493	3	0	4	-104.389
2.69543	1	0	1	-104.326
2.6955	1	0	2	-104.522
2.69557	1	0	3	-113.738
2.69564	1	0	7	-110.436
2.69571	1	0	0	-117.415
2.69586	3	0	5	-89.0915
2.69636	1	0	7	-110.454
2.69657	1	0	0	-117.396
2.69757	1	0	0	-117.389
2.69764	1	0	7	-110.479
2.69786	3	0	4	-104.336
2.69793	3	0	5	-89.0587
2.69807	1	0	0	-117.394
